20
1	10
1	20
2	14
2	19
3	17
3	19
4	14
4	15
5	19
5	20
6	16
6	17
7	15
7	18
8	15
8	16
8	19
9	15
9	17
9	18
10	1
10	16
10	20
11	13
11	16
11	17
11	20
12	17
12	18
12	19
12	20
13	11
13	15
13	18
13	19
13	20
14	2
14	4
14	18
14	19
14	20
15	4
15	7
15	8
15	9
15	13
15	16
15	17
15	18
15	19
15	20
16	6
16	8
16	10
16	11
16	15
16	17
16	18
16	19
16	20
17	3
17	6
17	9
17	11
17	12
17	15
17	16
17	18
17	19
17	20
18	7
18	9
18	12
18	13
18	14
18	15
18	16
18	17
18	19
18	20
19	2
19	3
19	5
19	8
19	12
19	13
19	14
19	15
19	16
19	17
19	18
19	20
20	1
20	5
20	10
20	11
20	12
20	13
20	14
20	15
20	16
20	17
20	18
20	19
