1	5
1	7
1	47
1	102
1	118
1	125
1	153
1	165
1	172
1	176
1	193
1	196
1	212
1	219
1	227
1	231
1	234
1	243
1	244
2	3
2	75
2	82
2	83
2	93
2	105
2	119
2	140
2	151
2	157
2	160
2	167
2	176
2	186
2	191
2	201
2	208
2	231
2	244
3	2
3	8
3	10
3	15
3	24
3	64
3	65
3	84
3	98
3	105
3	119
3	151
3	157
3	159
3	167
3	191
3	201
3	208
3	275
4	7
4	17
4	23
4	29
4	30
4	57
4	60
4	68
4	70
4	82
4	87
4	116
4	139
4	141
4	144
4	154
4	223
4	294
4	298
5	1
5	11
5	118
5	124
5	158
5	165
5	170
5	172
5	176
5	196
5	212
5	219
5	227
5	231
5	234
5	243
5	273
5	278
5	285
6	33
6	47
6	59
6	98
6	129
6	131
6	143
6	153
6	163
6	164
6	186
6	192
6	203
6	216
6	222
6	249
6	260
6	276
6	295
7	10
7	13
7	66
7	67
7	90
7	125
7	127
7	148
7	163
7	192
7	213
7	214
7	230
7	239
7	241
7	251
7	253
7	266
7	283
8	47
8	51
8	59
8	71
8	115
8	126
8	129
8	131
8	143
8	153
8	183
8	186
8	192
8	203
8	213
8	215
8	216
8	222
8	258
9	7
9	12
9	38
9	62
9	67
9	82
9	88
9	90
9	127
9	134
9	142
9	148
9	213
9	216
9	230
9	239
9	241
9	251
9	253
10	3
10	9
10	15
10	28
10	64
10	75
10	84
10	91
10	119
10	134
10	147
10	151
10	157
10	167
10	191
10	201
10	208
10	219
10	243
11	36
11	102
11	107
11	125
11	130
11	131
11	165
11	172
11	176
11	189
11	196
11	212
11	214
11	219
11	227
11	231
11	234
11	243
11	290
12	94
12	102
12	119
12	136
12	178
12	190
12	191
12	214
12	237
12	246
12	249
12	252
12	255
12	264
12	268
12	274
12	278
12	279
12	288
13	16
13	23
13	26
13	34
13	68
13	93
13	94
13	112
13	128
13	133
13	159
13	164
13	180
13	198
13	265
13	268
13	288
13	297
13	298
14	44
14	67
14	155
14	157
14	195
14	210
14	229
14	232
14	240
14	254
14	256
14	279
14	281
14	284
14	286
14	287
14	288
14	291
14	296
15	3
15	10
15	22
15	64
15	75
15	84
15	105
15	119
15	146
15	151
15	157
15	167
15	191
15	201
15	208
15	226
15	281
15	288
15	290
16	41
16	42
16	44
16	55
16	56
16	85
16	92
16	101
16	122
16	138
16	143
16	156
16	168
16	175
16	204
16	224
16	229
16	232
16	293
17	4
17	23
17	24
17	29
17	57
17	60
17	67
17	70
17	87
17	96
17	116
17	136
17	144
17	153
17	154
17	202
17	259
17	274
17	278
18	58
18	91
18	99
18	126
18	145
18	155
18	210
18	225
18	232
18	240
18	254
18	264
18	266
18	281
18	284
18	286
18	287
18	291
18	296
19	21
19	28
19	36
19	54
19	58
19	63
19	77
19	86
19	92
19	96
19	100
19	168
19	180
19	182
19	194
19	206
19	211
19	239
19	288
20	26
20	32
20	52
20	53
20	69
20	72
20	89
20	94
20	108
20	123
20	152
20	160
20	174
20	188
20	202
20	213
20	233
20	236
20	276
21	28
21	54
21	77
21	86
21	96
21	100
21	104
21	131
21	148
21	163
21	168
21	180
21	182
21	193
21	194
21	206
21	211
21	274
21	288
22	3
22	39
22	45
22	46
22	76
22	79
22	86
22	103
22	109
22	115
22	149
22	150
22	171
22	172
22	201
22	210
22	218
22	270
22	289
23	17
23	24
23	29
23	57
23	60
23	70
23	87
23	116
23	127
23	133
23	141
23	144
23	154
23	187
23	226
23	247
23	267
23	276
23	281
24	4
24	17
24	29
24	30
24	52
24	57
24	60
24	70
24	87
24	116
24	144
24	154
24	186
24	203
24	206
24	211
24	229
24	257
24	282
25	36
25	37
25	38
25	40
25	125
25	149
25	159
25	197
25	217
25	228
25	235
25	242
25	260
25	265
25	271
25	273
25	283
25	290
25	292
26	20
26	32
26	43
26	72
26	104
26	105
26	108
26	123
26	136
26	152
26	174
26	186
26	188
26	192
26	231
26	233
26	238
26	254
26	282
27	10
27	49
27	73
27	97
27	121
27	142
27	155
27	161
27	177
27	184
27	187
27	199
27	218
27	219
27	220
27	224
27	228
27	229
27	238
28	19
28	21
28	86
28	96
28	97
28	104
28	122
28	164
28	168
28	175
28	180
28	182
28	194
28	206
28	211
28	252
28	290
28	298
28	300
29	2
29	4
29	17
29	23
29	24
29	30
29	40
29	57
29	60
29	87
29	98
29	115
29	116
29	144
29	154
29	227
29	241
29	288
29	293
30	17
30	24
30	60
30	70
30	87
30	92
30	100
30	116
30	123
30	125
30	144
30	154
30	158
30	168
30	220
30	228
30	232
30	259
30	277
31	1
31	136
31	178
31	180
31	189
31	190
31	224
31	237
31	244
31	246
31	249
31	264
31	267
31	268
31	274
31	278
31	279
31	288
31	294
32	20
32	52
32	53
32	89
32	94
32	106
32	108
32	119
32	123
32	144
32	152
32	174
32	188
32	194
32	212
32	214
32	253
32	256
32	267
33	3
33	6
33	8
33	51
33	64
33	129
33	131
33	143
33	176
33	182
33	186
33	192
33	203
33	214
33	216
33	222
33	257
33	262
33	268
34	13
34	64
34	68
34	80
34	88
34	95
34	99
34	111
34	112
34	128
34	133
34	135
34	142
34	160
34	164
34	165
34	198
34	199
34	274
35	48
35	76
35	93
35	96
35	110
35	120
35	147
35	158
35	162
35	175
35	183
35	193
35	215
35	218
35	225
35	227
35	230
35	233
35	247
36	25
36	40
36	41
36	65
36	151
36	159
36	173
36	185
36	197
36	217
36	235
36	242
36	245
36	260
36	271
36	273
36	283
36	290
36	292
37	38
37	134
37	159
37	166
37	169
37	185
37	197
37	205
37	212
37	217
37	228
37	235
37	245
37	260
37	265
37	271
37	273
37	283
37	290
38	37
38	40
38	106
38	132
38	159
38	166
38	185
38	197
38	205
38	228
38	245
38	260
38	265
38	271
38	273
38	283
38	284
38	290
38	292
39	22
39	27
39	45
39	57
39	66
39	76
39	99
39	109
39	115
39	116
39	122
39	149
39	150
39	157
39	171
39	179
39	217
39	239
39	243
40	37
40	38
40	49
40	146
40	151
40	159
40	166
40	202
40	205
40	242
40	245
40	260
40	265
40	271
40	273
40	283
40	290
40	292
40	300
41	5
41	16
41	42
41	44
41	55
41	56
41	81
41	85
41	101
41	122
41	138
41	156
41	162
41	229
41	237
41	249
41	273
41	276
41	296
42	16
42	44
42	55
42	72
42	75
42	81
42	85
42	92
42	101
42	110
42	122
42	138
42	143
42	148
42	156
42	177
42	213
42	236
42	283
43	28
43	35
43	48
43	62
43	106
43	110
43	113
43	126
43	147
43	175
43	183
43	193
43	212
43	215
43	225
43	233
43	247
43	271
43	291
44	16
44	41
44	42
44	55
44	56
44	62
44	81
44	89
44	92
44	101
44	122
44	138
44	156
44	222
44	223
44	225
44	253
44	280
44	299
45	22
45	46
45	76
45	84
45	99
45	103
45	109
45	115
45	122
45	149
45	150
45	171
45	176
45	209
45	214
45	232
45	243
45	260
45	276
46	39
46	79
46	99
46	103
46	109
46	115
46	131
46	149
46	150
46	163
46	171
46	185
46	192
46	203
46	246
46	248
46	263
46	271
46	277
47	6
47	8
47	33
47	41
47	55
47	59
47	71
47	98
47	129
47	131
47	143
47	184
47	186
47	192
47	203
47	216
47	221
47	222
47	287
48	4
48	35
48	43
48	57
48	110
48	113
48	120
48	126
48	134
48	147
48	183
48	193
48	194
48	215
48	225
48	233
48	246
48	247
48	297
49	27
49	73
49	85
49	107
49	121
49	130
49	141
49	161
49	177
49	187
49	188
49	194
49	199
49	202
49	218
49	220
49	224
49	227
49	238
50	71
50	95
50	114
50	150
50	200
50	236
50	250
50	255
50	258
50	260
50	262
50	275
50	280
50	290
50	295
50	296
50	297
50	298
50	300
51	6
51	8
51	33
51	47
51	58
51	59
51	98
51	131
51	141
51	143
51	153
51	186
51	192
51	203
51	216
51	221
51	222
51	269
51	281
52	16
52	20
52	69
52	72
52	85
52	108
52	123
52	152
52	174
52	184
52	187
52	188
52	223
52	234
52	244
52	251
52	287
52	292
52	296
53	20
53	26
53	32
53	44
53	52
53	66
53	69
53	72
53	89
53	94
53	108
53	123
53	152
53	174
53	188
53	220
53	252
53	290
53	294
54	19
54	21
54	82
54	86
54	100
54	104
54	108
54	127
54	166
54	168
54	180
54	182
54	194
54	206
54	211
54	267
54	286
54	287
54	289
55	16
55	44
55	81
55	85
55	92
55	101
55	103
55	108
55	122
55	138
55	144
55	147
55	156
55	165
55	177
55	196
55	211
55	220
55	279
56	41
56	42
56	44
56	55
56	81
56	85
56	92
56	101
56	113
56	122
56	125
56	138
56	146
56	156
56	198
56	238
56	277
56	283
56	287
57	2
57	4
57	55
57	60
57	80
57	116
57	135
57	144
57	150
57	154
57	184
57	206
57	213
57	224
57	263
57	284
57	285
57	289
57	299
58	47
58	86
58	179
58	207
58	209
58	241
58	248
58	256
58	259
58	261
58	263
58	270
58	277
58	284
58	285
58	289
58	290
58	294
58	299
59	47
59	51
59	78
59	80
59	98
59	118
59	131
59	143
59	153
59	186
59	192
59	199
59	203
59	216
59	217
59	222
59	236
59	291
60	4
60	9
60	23
60	24
60	30
60	34
60	70
60	71
60	75
60	87
60	126
60	144
60	154
60	161
60	165
60	171
60	232
60	266
61	30
61	102
61	181
61	187
61	195
61	210
61	229
61	249
61	254
61	256
61	266
61	280
61	281
61	284
61	286
61	287
61	291
61	296
62	9
62	67
62	77
62	82
62	112
62	116
62	127
62	148
62	163
62	174
62	213
62	215
62	230
62	239
62	241
62	245
62	251
62	253
63	13
63	34
63	68
63	80
63	88
63	95
63	111
63	124
63	128
63	133
63	145
63	160
63	164
63	171
63	198
63	202
63	246
63	259
64	10
64	18
64	75
64	105
64	119
64	151
64	167
64	176
64	191
64	197
64	201
64	208
64	230
64	239
64	253
64	272
64	273
64	280
65	25
65	38
65	173
65	185
65	205
65	217
65	227
65	228
65	242
65	245
65	250
65	258
65	265
65	271
65	273
65	283
65	290
65	292
66	7
66	9
66	15
66	127
66	134
66	148
66	177
66	191
66	200
66	213
66	230
66	236
66	239
66	241
66	243
66	251
66	253
66	287
67	3
67	12
67	62
67	66
67	90
67	105
67	112
67	127
67	134
67	148
67	179
67	185
67	213
67	230
67	239
67	241
67	251
67	253
68	34
68	56
68	80
68	88
68	111
68	124
68	133
68	135
68	145
68	150
68	160
68	164
68	176
68	198
68	228
68	238
68	279
68	282
69	20
69	26
69	52
69	53
69	72
69	89
69	94
69	108
69	123
69	135
69	152
69	159
69	174
69	188
69	255
69	270
69	281
69	285
70	4
70	23
70	24
70	29
70	30
70	53
70	60
70	87
70	116
70	144
70	154
70	156
70	223
70	230
70	252
70	292
70	295
70	298
71	30
71	63
71	80
71	121
71	140
71	204
71	226
71	236
71	250
71	258
71	262
71	272
71	275
71	276
71	295
71	297
71	298
71	300
72	26
72	32
72	33
72	48
72	51
72	53
72	54
72	69
72	89
72	108
72	123
72	139
72	148
72	174
72	188
72	211
72	277
72	284
73	38
73	49
73	50
73	97
73	141
73	142
73	145
73	161
73	177
73	184
73	187
73	202
73	218
73	220
73	222
73	224
73	238
73	270
74	58
74	83
74	99
74	132
74	137
74	221
74	247
74	261
74	263
74	269
74	270
74	277
74	282
74	285
74	289
74	293
74	294
74	299
75	2
75	3
75	10
75	15
75	64
75	119
75	151
75	157
75	160
75	167
75	191
75	201
75	208
75	228
75	251
75	256
75	264
75	266
76	22
76	39
76	45
76	46
76	79
76	84
76	99
76	103
76	105
76	109
76	115
76	149
76	150
76	163
76	171
76	206
76	237
76	246
77	11
77	19
77	54
77	61
77	86
77	96
77	100
77	104
77	153
77	180
77	182
77	194
77	206
77	211
77	236
77	237
77	254
77	284
78	58
78	132
78	186
78	207
78	209
78	223
78	248
78	261
78	263
78	269
78	270
78	277
78	282
78	285
78	289
78	293
78	294
78	299
79	30
79	39
79	45
79	48
79	76
79	103
79	111
79	115
79	149
79	150
79	166
79	184
79	218
79	231
79	241
79	242
79	273
79	294
80	43
80	46
80	63
80	68
80	74
80	88
80	95
80	112
80	135
80	143
80	158
80	160
80	198
80	215
80	246
80	264
80	269
80	286
81	22
81	41
81	42
81	55
81	56
81	67
81	85
81	92
81	101
81	122
81	138
81	155
81	156
81	161
81	203
81	209
81	259
81	295
82	7
82	67
82	90
82	131
82	163
82	166
82	172
82	194
82	213
82	230
82	231
82	235
82	239
82	241
82	251
82	253
82	283
82	300
83	74
83	78
83	209
83	216
83	221
83	223
83	241
83	259
83	261
83	263
83	270
83	277
83	282
83	285
83	289
83	293
83	294
83	299
84	15
84	24
84	64
84	75
84	105
84	124
84	151
84	157
84	167
84	190
84	191
84	201
84	204
84	208
84	227
84	230
84	232
84	269
85	1
85	16
85	28
85	41
85	42
85	55
85	56
85	81
85	92
85	101
85	111
85	114
85	122
85	138
85	140
85	156
85	247
85	255
86	21
86	28
86	33
86	51
86	77
86	100
86	104
86	168
86	180
86	182
86	194
86	204
86	206
86	211
86	231
86	289
86	292
86	294
87	4
87	17
87	23
87	24
87	29
87	30
87	57
87	60
87	70
87	91
87	116
87	129
87	144
87	154
87	162
87	172
87	216
87	233
88	6
88	63
88	68
88	80
88	95
88	98
88	111
88	119
88	124
88	133
88	135
88	164
88	198
88	229
88	241
88	263
88	271
88	298
89	24
89	52
89	69
89	72
89	94
89	99
89	120
89	123
89	145
89	152
89	174
89	188
89	192
89	197
89	222
89	260
89	261
89	295
90	7
90	34
90	62
90	66
90	115
90	127
90	148
90	161
90	163
90	201
90	213
90	230
90	239
90	241
90	251
90	253
90	279
90	296
91	59
91	129
91	169
91	195
91	210
91	212
91	229
91	232
91	240
91	242
91	254
91	256
91	281
91	284
91	286
91	287
91	291
91	296
92	16
92	34
92	41
92	44
92	47
92	56
92	81
92	85
92	101
92	110
92	138
92	156
92	199
92	205
92	223
92	257
92	273
92	282
93	43
93	81
93	96
93	113
93	114
93	120
93	124
93	158
93	162
93	171
93	183
93	193
93	207
93	215
93	225
93	233
93	247
93	262
94	20
94	26
94	32
94	42
94	52
94	55
94	69
94	89
94	108
94	110
94	152
94	174
94	188
94	200
94	210
94	235
94	264
94	299
95	13
95	34
95	62
95	74
95	80
95	111
95	112
95	124
95	128
95	133
95	144
95	160
95	164
95	165
95	195
95	272
95	275
95	297
96	21
96	28
96	32
96	52
96	54
96	86
96	100
96	104
96	149
96	168
96	180
96	182
96	194
96	206
96	211
96	239
96	247
96	296
97	27
97	32
97	39
97	49
97	61
97	90
97	142
97	154
97	161
97	177
97	184
97	199
97	202
97	218
97	220
97	224
97	238
97	252
98	6
98	18
98	51
98	81
98	112
98	129
98	143
98	169
98	186
98	203
98	216
98	222
98	235
98	248
98	249
98	265
98	282
98	290
99	27
99	39
99	43
99	46
99	65
99	76
99	79
99	100
99	103
99	109
99	115
99	140
99	149
99	150
99	154
99	171
99	205
99	293
100	19
100	21
100	42
100	54
100	77
100	96
100	104
100	128
100	140
100	157
100	168
100	180
100	182
100	193
100	194
100	206
100	211
100	276
101	16
101	41
101	62
101	81
101	85
101	87
101	122
101	138
101	140
101	156
101	170
101	173
101	190
101	196
101	222
101	233
101	253
101	263
102	14
102	56
102	59
102	107
102	118
102	125
102	158
102	165
102	172
102	196
102	212
102	219
102	227
102	231
102	234
102	243
102	263
102	280
103	10
103	22
103	39
103	46
103	69
103	76
103	79
103	99
103	109
103	115
103	149
103	150
103	171
103	173
103	211
103	263
103	275
103	298
104	21
104	54
104	77
104	84
104	86
104	91
104	96
104	100
104	168
104	180
104	182
104	194
104	211
104	213
104	262
104	271
104	278
104	287
105	2
105	10
105	15
105	75
105	84
105	107
105	119
105	144
105	157
105	160
105	167
105	191
105	201
105	208
105	219
105	244
105	272
105	274
106	28
106	35
106	43
106	48
106	110
106	120
106	147
106	159
106	175
106	183
106	193
106	215
106	224
106	225
106	226
106	233
106	247
106	252
107	11
107	41
107	70
107	115
107	118
107	137
107	165
107	176
107	188
107	196
107	212
107	219
107	227
107	234
107	243
107	247
107	250
107	281
108	17
108	20
108	32
108	53
108	69
108	72
108	94
108	123
108	135
108	147
108	152
108	167
108	174
108	188
108	198
108	220
108	250
108	284
109	21
109	22
109	39
109	45
109	46
109	49
109	53
109	73
109	76
109	79
109	99
109	103
109	115
109	149
109	150
109	171
109	190
109	245
110	20
110	48
110	104
110	106
110	147
110	162
110	164
110	175
110	183
110	193
110	195
110	209
110	215
110	225
110	233
110	247
110	277
110	293
111	68
111	69
111	80
111	88
111	91
111	95
111	112
111	124
111	128
111	133
111	135
111	157
111	160
111	162
111	164
111	198
111	234
111	283
112	13
112	56
112	63
112	79
112	111
112	124
112	128
112	133
112	135
112	154
112	156
112	160
112	181
112	198
112	254
112	262
112	284
112	295
113	5
113	68
113	106
113	110
113	120
113	126
113	147
113	149
113	162
113	164
113	167
113	175
113	215
113	225
113	233
113	247
113	284
113	299
114	128
114	146
114	204
114	208
114	236
114	250
114	255
114	257
114	258
114	262
114	272
114	275
114	276
114	280
114	295
114	297
114	298
114	300
115	22
115	39
115	45
115	46
115	56
115	76
115	79
115	99
115	103
115	109
115	149
115	150
115	171
115	210
115	254
115	272
115	275
115	291
116	17
116	29
116	30
116	34
116	39
116	57
116	70
116	87
116	137
116	144
116	154
116	161
116	175
116	183
116	193
116	213
116	237
116	241
117	114
117	139
117	146
117	170
117	200
117	204
117	226
117	236
117	250
117	255
117	258
117	275
117	276
117	280
117	295
117	297
117	298
117	300
118	1
118	11
118	58
118	68
118	125
118	158
118	165
118	196
118	212
118	219
118	227
118	231
118	234
118	238
118	243
118	244
118	272
118	281
119	2
119	3
119	64
119	84
119	96
119	105
119	151
119	167
119	191
119	192
119	200
119	201
119	208
119	247
119	257
119	273
119	285
119	290
120	2
120	43
120	93
120	106
120	110
120	119
120	126
120	162
120	183
120	193
120	195
120	196
120	215
120	225
120	233
120	247
120	257
120	268
121	27
121	73
121	103
121	132
121	137
121	141
121	142
121	177
121	184
121	187
121	199
121	202
121	207
121	218
121	220
121	224
121	238
121	249
122	16
122	41
122	42
122	44
122	56
122	81
122	85
122	92
122	101
122	117
122	134
122	156
122	176
122	177
122	190
122	260
122	274
122	281
123	6
123	26
123	53
123	69
123	89
123	94
123	109
123	124
123	152
123	174
123	181
123	188
123	195
123	204
123	207
123	245
123	279
123	300
124	20
124	34
124	68
124	80
124	88
124	95
124	111
124	133
124	135
124	147
124	160
124	164
124	198
124	208
124	209
124	250
124	280
124	294
125	5
125	11
125	17
125	118
125	158
125	167
125	172
125	176
125	182
125	196
125	212
125	226
125	227
125	231
125	234
125	243
125	268
125	293
126	4
126	35
126	55
126	72
126	106
126	113
126	133
126	147
126	152
126	162
126	175
126	180
126	183
126	215
126	225
126	233
126	247
126	274
127	7
127	21
127	45
127	67
127	86
127	90
127	134
127	148
127	163
127	170
127	213
127	230
127	236
127	237
127	239
127	241
127	251
127	253
128	13
128	34
128	63
128	68
128	80
128	101
128	111
128	112
128	124
128	135
128	160
128	164
128	178
128	189
128	195
128	198
128	204
128	241
129	6
129	8
129	12
129	51
129	59
129	63
129	98
129	131
129	143
129	153
129	186
129	192
129	203
129	216
129	222
129	234
129	271
129	291
130	36
130	69
130	136
130	146
130	178
130	214
130	237
130	244
130	246
130	249
130	252
130	264
130	267
130	268
130	274
130	278
130	279
130	288
131	51
131	59
131	98
131	129
131	143
131	153
131	168
131	171
131	182
131	186
131	189
131	192
131	203
131	210
131	216
131	220
131	222
131	282
132	74
132	78
132	83
132	209
132	221
132	223
132	248
132	259
132	261
132	263
132	270
132	277
132	282
132	285
132	289
132	293
132	294
132	299
133	13
133	18
133	19
133	63
133	67
133	88
133	95
133	111
133	124
133	127
133	128
133	135
133	157
133	160
133	164
133	198
133	212
133	291
134	9
134	25
134	67
134	82
134	90
134	148
134	163
134	179
134	213
134	217
134	222
134	230
134	239
134	241
134	251
134	253
134	270
134	272
135	4
135	13
135	19
135	63
135	83
135	88
135	95
135	111
135	112
135	124
135	128
135	133
135	160
135	164
135	198
135	205
135	253
135	276
136	12
136	130
136	178
136	189
136	190
136	214
136	237
136	244
136	246
136	249
136	252
136	264
136	267
136	268
136	274
136	278
136	279
136	288
137	132
137	179
137	195
137	207
137	209
137	221
137	223
137	259
137	261
137	263
137	269
137	277
137	282
137	285
137	289
137	293
137	294
137	299
138	41
138	42
138	44
138	50
138	55
138	56
138	65
138	81
138	85
138	92
138	122
138	156
138	197
138	205
138	224
138	226
138	260
138	278
139	106
139	123
139	140
139	146
139	170
139	204
139	226
139	236
139	250
139	257
139	262
139	272
139	276
139	295
139	297
139	298
139	299
139	300
140	87
140	95
140	114
140	139
140	146
140	170
140	204
140	226
140	255
140	258
140	262
140	272
140	275
140	276
140	280
140	295
140	297
140	300
141	73
141	78
141	97
141	121
141	155
141	161
141	177
141	180
141	184
141	187
141	199
141	202
141	218
141	220
141	224
141	238
141	243
141	257
142	49
142	73
142	85
142	97
142	117
142	121
142	129
142	161
142	177
142	184
142	187
142	199
142	202
142	218
142	220
142	238
142	254
142	266
143	32
143	51
143	65
143	114
143	126
143	131
143	153
143	186
143	192
143	202
143	203
143	216
143	222
143	233
143	242
143	277
143	278
143	287
144	17
144	23
144	29
144	57
144	100
144	116
144	138
144	154
144	168
144	174
144	185
144	207
144	221
144	240
144	262
144	268
144	275
144	300
145	14
145	43
145	61
145	152
145	155
145	181
145	210
145	229
145	232
145	234
145	240
145	254
145	256
145	266
145	286
145	287
145	291
145	296
146	71
146	114
146	117
146	139
146	170
146	200
146	204
146	236
146	250
146	262
146	272
146	275
146	276
146	280
146	295
146	297
146	298
146	300
147	3
147	43
147	53
147	77
147	93
147	110
147	113
147	126
147	162
147	175
147	183
147	193
147	215
147	217
147	225
147	229
147	233
147	247
148	66
148	67
148	95
148	127
148	134
148	136
148	163
148	198
148	213
148	221
148	230
148	239
148	241
148	251
148	253
148	264
148	272
148	285
149	22
149	45
149	79
149	88
149	99
149	103
149	109
149	115
149	125
149	142
149	150
149	155
149	167
149	171
149	201
149	240
149	243
149	251
150	15
150	16
150	22
150	45
150	46
150	76
150	99
150	103
150	109
150	143
150	149
150	160
150	166
150	171
150	242
150	270
150	293
150	298
151	2
151	3
151	10
151	15
151	31
151	82
151	84
151	105
151	119
151	149
151	157
151	167
151	189
151	191
151	201
151	208
151	230
151	297
152	26
152	32
152	52
152	53
152	72
152	89
152	93
152	94
152	100
152	107
152	108
152	150
152	160
152	174
152	188
152	208
152	234
152	291
153	6
153	47
153	59
153	73
153	98
153	105
153	129
153	143
153	152
153	186
153	192
153	203
153	216
153	218
153	220
153	222
153	255
153	261
154	4
154	17
154	23
154	24
154	29
154	30
154	57
154	70
154	87
154	105
154	116
154	144
154	156
154	188
154	200
154	203
154	204
154	242
155	14
155	18
155	61
155	145
155	169
155	181
155	210
155	229
155	240
155	254
155	256
155	266
155	281
155	284
155	286
155	287
155	291
155	296
156	1
156	42
156	44
156	45
156	55
156	56
156	92
156	101
156	108
156	119
156	122
156	123
156	126
156	138
156	198
156	203
156	226
156	253
157	15
157	25
157	50
157	83
157	105
157	131
157	136
157	138
157	151
157	166
157	188
157	191
157	201
157	208
157	209
157	266
157	298
157	300
158	11
158	15
158	73
158	102
158	107
158	165
158	172
158	176
158	191
158	196
158	212
158	219
158	227
158	231
158	234
158	243
158	257
158	294
159	29
159	38
159	40
159	95
159	151
159	154
159	173
159	184
159	197
159	217
159	235
159	242
159	245
159	258
159	260
159	265
159	290
159	292
160	13
160	29
160	36
160	63
160	69
160	76
160	88
160	112
160	121
160	124
160	128
160	133
160	135
160	164
160	180
160	183
160	198
160	259
161	6
161	49
161	97
161	118
161	141
161	142
161	167
161	168
161	184
161	187
161	199
161	201
161	202
161	218
161	220
161	224
161	238
161	265
162	35
162	106
162	110
162	113
162	120
162	126
162	141
162	147
162	152
162	175
162	193
162	194
162	196
162	215
162	225
162	233
162	247
162	293
163	9
163	38
163	62
163	82
163	87
163	127
163	148
163	164
163	213
163	223
163	230
163	231
163	235
163	239
163	241
163	251
163	253
163	289
164	21
164	34
164	63
164	80
164	88
164	95
164	111
164	112
164	128
164	133
164	138
164	160
164	198
164	228
164	231
164	251
164	256
164	295
165	5
165	51
165	88
165	102
165	125
165	158
165	172
165	175
165	176
165	196
165	208
165	212
165	227
165	231
165	234
165	243
165	251
165	282
166	25
166	38
166	64
166	65
166	173
166	197
166	217
166	228
166	235
166	242
166	245
166	252
166	260
166	265
166	273
166	283
166	290
166	292
167	3
167	8
167	29
167	64
167	75
167	84
167	105
167	119
167	151
167	191
167	201
167	208
167	247
167	255
167	265
167	288
167	296
167	297
168	14
168	19
168	28
168	46
168	54
168	77
168	86
168	104
168	180
168	182
168	194
168	205
168	206
168	211
168	248
168	254
168	255
168	299
169	14
169	61
169	145
169	181
169	195
169	210
169	218
169	232
169	254
169	256
169	266
169	268
169	281
169	284
169	286
169	287
169	291
169	296
170	117
170	139
170	200
170	204
170	217
170	226
170	236
170	246
170	257
170	258
170	262
170	272
170	275
170	276
170	280
170	297
170	298
170	300
171	39
171	45
171	46
171	52
171	57
171	59
171	79
171	103
171	109
171	115
171	142
171	146
171	149
171	150
171	173
171	221
171	277
172	46
172	102
172	107
172	125
172	158
172	165
172	174
172	176
172	183
172	196
172	212
172	219
172	222
172	227
172	231
172	234
172	243
172	261
173	14
173	36
173	37
173	156
173	159
173	166
173	205
173	217
173	222
173	235
173	248
173	260
173	265
173	271
173	283
173	290
173	292
173	300
174	32
174	52
174	53
174	69
174	83
174	89
174	94
174	123
174	152
174	172
174	185
174	188
174	189
174	232
174	240
174	260
174	261
174	270
175	48
175	106
175	110
175	113
175	126
175	142
175	147
175	162
175	183
175	193
175	206
175	215
175	225
175	233
175	239
175	247
175	250
175	289
176	1
176	5
176	116
176	118
176	125
176	158
176	159
176	165
176	190
176	196
176	212
176	217
176	219
176	227
176	231
176	234
176	243
176	256
177	27
177	54
177	88
177	97
177	141
177	142
177	161
177	184
177	187
177	199
177	202
177	218
177	220
177	223
177	224
177	238
177	262
177	289
178	12
178	108
178	151
178	189
178	190
178	214
178	237
178	238
178	244
178	249
178	252
178	264
178	267
178	268
178	274
178	278
178	279
178	288
179	58
179	78
179	132
179	207
179	221
179	223
179	248
179	259
179	261
179	263
179	269
179	270
179	282
179	285
179	289
179	293
179	294
179	299
180	7
180	76
180	77
180	96
180	100
180	104
180	108
180	127
180	129
180	168
180	174
180	182
180	194
180	206
180	211
180	258
180	276
180	285
181	61
181	72
181	122
181	169
181	175
181	191
181	229
181	232
181	240
181	254
181	262
181	266
181	281
181	284
181	286
181	287
181	291
181	296
182	19
182	28
182	54
182	60
182	77
182	96
182	100
182	104
182	130
182	153
182	168
182	180
182	185
182	194
182	206
182	209
182	211
182	230
183	13
183	23
183	35
183	45
183	93
183	113
183	120
183	126
183	130
183	162
183	175
183	193
183	215
183	225
183	233
183	247
183	252
183	272
184	16
184	73
184	74
184	97
184	109
184	121
184	141
184	177
184	187
184	199
184	202
184	217
184	218
184	220
184	224
184	238
184	245
184	279
185	72
185	118
185	159
185	166
185	173
185	197
185	217
185	225
185	228
185	242
185	258
185	260
185	265
185	271
185	273
185	283
185	290
185	292
186	2
186	33
186	50
186	59
186	98
186	129
186	133
186	134
186	153
186	171
186	192
186	203
186	208
186	216
186	222
186	256
186	275
186	285
187	9
187	49
187	97
187	121
187	141
187	142
187	177
187	184
187	191
187	199
187	202
187	207
187	218
187	220
187	224
187	238
187	267
187	295
188	20
188	26
188	32
188	52
188	53
188	72
188	89
188	94
188	108
188	123
188	152
188	165
188	173
188	174
188	211
188	263
188	280
188	288
189	20
189	44
189	112
189	130
189	183
189	190
189	214
189	215
189	246
189	249
189	264
189	265
189	267
189	268
189	274
189	278
189	279
189	288
190	12
190	31
190	130
190	178
190	189
190	214
190	237
190	244
190	246
190	249
190	252
190	264
190	267
190	268
190	274
190	278
190	279
190	288
191	2
191	10
191	15
191	84
191	90
191	119
191	151
191	157
191	161
191	167
191	201
191	208
191	224
191	247
191	251
191	266
191	280
191	297
192	6
192	8
192	25
192	33
192	44
192	47
192	61
192	78
192	79
192	98
192	129
192	131
192	153
192	170
192	172
192	186
192	216
192	222
193	35
193	48
193	93
193	103
193	106
193	110
193	120
193	126
193	147
193	162
193	178
193	183
193	199
193	225
193	233
193	247
193	262
193	299
194	21
194	53
194	94
194	96
194	97
194	100
194	117
194	159
194	168
194	180
194	182
194	206
194	211
194	237
194	261
194	267
194	273
194	291
195	14
195	18
195	111
195	141
195	169
195	181
195	229
195	232
195	240
195	254
195	256
195	266
195	281
195	284
195	286
195	287
195	291
195	296
196	1
196	5
196	9
196	19
196	23
196	37
196	107
196	118
196	125
196	158
196	165
196	172
196	219
196	227
196	231
196	234
196	243
196	275
197	37
197	40
197	104
197	107
197	173
197	185
197	205
197	217
197	228
197	235
197	242
197	245
197	271
197	273
197	283
197	290
197	293
197	294
198	13
198	34
198	41
198	63
198	68
198	79
198	80
198	95
198	112
198	124
198	128
198	135
198	143
198	164
198	193
198	206
198	244
198	265
199	27
199	42
199	59
199	73
199	97
199	141
199	142
199	161
199	184
199	187
199	202
199	218
199	220
199	224
199	225
199	238
199	256
199	299
200	45
200	90
200	117
200	139
200	170
200	197
200	204
200	226
200	236
200	250
200	257
200	272
200	275
200	276
200	280
200	295
200	297
200	300
201	2
201	26
201	64
201	75
201	77
201	84
201	105
201	116
201	157
201	167
201	191
201	208
201	264
201	269
201	278
201	282
201	286
201	294
202	48
202	49
202	73
202	120
202	121
202	142
202	161
202	169
202	177
202	184
202	187
202	199
202	218
202	220
202	224
202	238
202	249
202	283
203	6
203	8
203	33
203	47
203	51
203	118
203	129
203	131
203	138
203	153
203	156
203	186
203	192
203	206
203	216
203	222
203	236
203	286
204	50
204	71
204	117
204	200
204	219
204	236
204	250
204	255
204	257
204	258
204	262
204	272
204	276
204	280
204	295
204	297
204	298
204	300
205	1
205	17
205	63
205	65
205	173
205	185
205	217
205	228
205	230
205	235
205	242
205	245
205	260
205	265
205	273
205	278
205	283
205	292
206	11
206	19
206	28
206	54
206	77
206	86
206	96
206	132
206	168
206	182
206	194
206	201
206	211
206	234
206	235
206	240
206	297
207	58
207	74
207	137
207	179
207	209
207	221
207	223
207	248
207	259
207	263
207	269
207	270
207	277
207	282
207	285
207	289
207	294
207	299
208	2
208	3
208	10
208	39
208	64
208	75
208	84
208	112
208	149
208	151
208	157
208	167
208	181
208	191
208	200
208	201
208	251
208	291
209	58
209	74
209	83
209	132
209	179
209	207
209	221
209	248
209	259
209	261
209	263
209	269
209	277
209	282
209	289
209	293
209	294
209	299
210	60
210	110
210	133
210	169
210	181
210	195
210	206
210	229
210	240
210	254
210	256
210	266
210	281
210	284
210	286
210	287
210	291
210	296
211	19
211	21
211	28
211	31
211	42
211	77
211	86
211	97
211	104
211	128
211	168
211	179
211	180
211	181
211	194
211	206
211	266
211	269
212	102
212	107
212	118
212	125
212	137
212	158
212	172
212	176
212	181
212	197
212	218
212	219
212	221
212	227
212	228
212	231
212	234
212	243
213	7
213	9
213	20
213	62
213	90
213	127
213	134
213	148
213	163
213	187
213	188
213	201
213	211
213	230
213	239
213	241
213	251
213	253
214	31
214	106
214	109
214	130
214	136
214	178
214	189
214	190
214	244
214	246
214	249
214	252
214	264
214	267
214	268
214	278
214	279
214	288
215	35
215	43
215	48
215	60
215	93
215	106
215	107
215	113
215	126
215	162
215	175
215	178
215	182
215	183
215	193
215	233
215	247
215	299
216	8
216	19
216	24
216	33
216	47
216	49
216	59
216	129
216	131
216	143
216	153
216	169
216	192
216	203
216	210
216	222
216	273
216	295
217	25
217	37
217	40
217	51
217	65
217	78
217	166
217	178
217	197
217	235
217	242
217	245
217	261
217	271
217	273
217	283
217	290
217	292
218	85
218	101
218	121
218	136
218	141
218	142
218	161
218	177
218	184
218	187
218	199
218	202
218	220
218	224
218	238
218	248
218	250
218	292
219	1
219	11
219	27
219	102
219	107
219	113
219	118
219	125
219	176
219	207
219	211
219	212
219	227
219	231
219	234
219	243
219	281
219	297
220	27
220	49
220	54
220	121
220	141
220	142
220	161
220	177
220	187
220	191
220	199
220	202
220	212
220	218
220	224
220	238
220	254
220	283
221	58
221	91
221	137
221	179
221	209
221	223
221	259
221	261
221	263
221	269
221	270
221	277
221	282
221	285
221	289
221	293
221	294
221	299
222	6
222	8
222	33
222	47
222	51
222	98
222	129
222	135
222	143
222	152
222	153
222	186
222	192
222	200
222	203
222	216
222	245
222	292
223	11
223	33
223	35
223	83
223	121
223	180
223	207
223	209
223	248
223	259
223	261
223	263
223	269
223	285
223	289
223	293
223	294
223	299
224	27
224	49
224	71
224	104
224	121
224	141
224	148
224	161
224	177
224	184
224	187
224	199
224	202
224	216
224	218
224	220
224	238
224	240
225	40
225	43
225	47
225	48
225	60
225	79
225	93
225	120
225	126
225	139
225	147
225	162
225	171
225	175
225	193
225	215
225	219
225	292
226	50
226	114
226	117
226	140
226	170
226	200
226	204
226	250
226	255
226	257
226	258
226	275
226	276
226	280
226	295
226	297
226	298
226	300
227	5
227	11
227	102
227	125
227	132
227	158
227	162
227	165
227	172
227	176
227	196
227	212
227	219
227	231
227	242
227	243
227	253
227	300
228	36
228	65
228	166
228	173
228	185
228	192
228	205
228	239
228	242
228	243
228	245
228	260
228	265
228	269
228	271
228	273
228	283
228	292
229	8
229	18
229	91
229	99
229	145
229	181
229	210
229	232
229	240
229	256
229	266
229	281
229	284
229	286
229	287
229	291
229	292
229	296
230	9
230	18
230	27
230	62
230	66
230	67
230	82
230	90
230	134
230	199
230	219
230	239
230	240
230	241
230	242
230	251
230	253
230	286
231	1
231	35
231	38
231	92
231	102
231	107
231	111
231	118
231	158
231	165
231	172
231	196
231	208
231	212
231	219
231	227
231	234
231	243
232	18
232	35
232	91
232	145
232	155
232	169
232	186
232	195
232	210
232	240
232	256
232	266
232	281
232	284
232	287
232	291
232	292
232	296
233	15
233	43
233	48
233	68
233	73
233	74
233	93
233	106
233	110
233	113
233	120
233	162
233	173
233	175
233	193
233	225
233	245
233	247
234	1
234	5
234	22
234	102
234	107
234	158
234	165
234	172
234	185
234	196
234	212
234	219
234	227
234	231
234	240
234	243
234	279
234	288
235	13
235	37
235	40
235	48
235	173
235	199
235	217
235	227
235	242
235	245
235	260
235	261
235	265
235	271
235	273
235	283
235	290
235	292
236	37
236	114
236	117
236	139
236	146
236	170
236	200
236	226
236	257
236	258
236	262
236	272
236	275
236	276
236	280
236	295
236	297
236	298
237	12
237	31
237	89
237	130
237	163
237	190
237	214
237	244
237	246
237	249
237	252
237	264
237	267
237	268
237	274
237	278
237	279
237	288
238	5
238	27
238	73
238	97
238	118
238	121
238	141
238	142
238	161
238	184
238	202
238	218
238	220
238	224
238	227
238	233
238	250
238	255
239	7
239	9
239	62
239	66
239	82
239	101
239	103
239	134
239	148
239	151
239	163
239	207
239	213
239	230
239	241
239	249
239	251
239	253
240	76
240	145
240	169
240	181
240	195
240	210
240	229
240	232
240	248
240	256
240	266
240	275
240	281
240	286
240	287
240	291
240	296
240	298
241	7
241	9
241	10
241	66
241	77
241	82
241	122
241	127
241	134
241	163
241	213
241	215
241	230
241	239
241	251
241	253
241	267
241	279
242	65
242	159
242	173
242	185
242	197
242	205
242	219
242	228
242	235
242	245
242	260
242	265
242	271
242	273
242	283
242	290
242	292
242	296
243	1
243	5
243	11
243	54
243	66
243	102
243	107
243	109
243	158
243	172
243	176
243	182
243	212
243	216
243	219
243	231
243	234
243	271
244	12
244	31
244	120
244	130
244	189
244	190
244	214
244	237
244	246
244	249
244	252
244	264
244	267
244	268
244	274
244	278
244	279
244	288
245	36
245	65
245	86
245	147
245	159
245	166
245	183
245	214
245	217
245	228
245	235
245	265
245	271
245	283
245	289
245	290
245	292
245	300
246	46
246	113
246	177
246	178
246	189
246	190
246	214
246	237
246	238
246	244
246	249
246	252
246	267
246	268
246	274
246	278
246	279
246	288
247	30
247	33
247	43
247	66
247	93
247	97
247	106
247	113
247	120
247	147
247	175
247	183
247	188
247	215
247	225
247	233
247	258
247	274
248	22
248	83
248	132
248	137
248	201
248	207
248	221
248	223
248	263
248	269
248	270
248	274
248	277
248	282
248	285
248	289
248	293
248	299
249	12
249	130
249	136
249	154
249	178
249	189
249	190
249	214
249	237
249	244
249	252
249	264
249	267
249	268
249	274
249	278
249	279
249	288
250	71
250	139
250	140
250	200
250	204
250	215
250	228
250	234
250	255
250	259
250	262
250	272
250	275
250	276
250	295
250	297
250	298
250	300
251	39
251	62
251	66
251	67
251	82
251	90
251	127
251	134
251	163
251	213
251	216
251	230
251	237
251	239
251	241
251	253
251	258
251	283
252	31
252	130
252	136
252	178
252	189
252	190
252	214
252	237
252	244
252	246
252	249
252	264
252	267
252	268
252	274
252	278
252	279
252	288
253	7
253	40
253	62
253	66
253	75
253	82
253	90
253	128
253	134
253	148
253	163
253	213
253	229
253	230
253	239
253	241
253	251
253	267
254	11
254	91
254	145
254	155
254	169
254	181
254	195
254	210
254	229
254	246
254	256
254	266
254	281
254	284
254	286
254	287
254	291
254	296
255	23
255	50
255	140
255	155
255	170
255	196
255	200
255	204
255	226
255	236
255	257
255	272
255	275
255	278
255	280
255	297
255	298
255	300
256	61
256	91
256	139
256	155
256	169
256	181
256	195
256	210
256	229
256	240
256	244
256	254
256	266
256	281
256	284
256	286
256	291
256	296
257	71
257	139
257	140
257	200
257	204
257	226
257	238
257	250
257	255
257	258
257	262
257	264
257	265
257	272
257	275
257	276
257	280
257	298
258	50
258	71
258	135
258	140
258	146
258	204
258	226
258	250
258	251
258	255
258	262
258	272
258	275
258	276
258	280
258	295
258	297
258	300
259	58
259	74
259	83
259	93
259	94
259	137
259	148
259	179
259	207
259	209
259	221
259	269
259	277
259	282
259	285
259	293
259	294
259	299
260	25
260	37
260	40
260	49
260	173
260	205
260	215
260	217
260	228
260	235
260	245
260	265
260	271
260	277
260	286
260	290
260	291
260	292
261	87
261	132
261	137
261	207
261	221
261	223
261	248
261	259
261	263
261	269
261	270
261	277
261	282
261	285
261	286
261	289
261	293
261	294
262	4
262	50
262	64
262	139
262	146
262	170
262	200
262	204
262	226
262	236
262	250
262	255
262	257
262	258
262	272
262	280
262	298
262	300
263	74
263	132
263	179
263	207
263	209
263	223
263	248
263	259
263	261
263	269
263	270
263	277
263	282
263	285
263	289
263	293
263	294
263	299
264	31
264	81
264	124
264	130
264	136
264	189
264	205
264	214
264	237
264	244
264	246
264	252
264	267
264	268
264	274
264	278
264	279
264	288
265	25
265	36
265	37
265	65
265	123
265	170
265	174
265	185
265	197
265	202
265	205
265	228
265	245
265	260
265	273
265	280
265	283
265	290
266	145
266	169
266	179
266	195
266	203
266	210
266	229
266	232
266	235
266	256
266	271
266	281
266	284
266	286
266	287
266	291
266	296
266	297
267	31
267	117
267	130
267	137
267	163
267	178
267	233
267	244
267	246
267	249
267	252
267	264
267	268
267	274
267	278
267	279
267	288
267	295
268	26
268	114
268	136
268	189
268	190
268	214
268	237
268	244
268	246
268	249
268	252
268	264
268	267
268	271
268	274
268	278
268	279
268	288
269	58
269	70
269	78
269	83
269	123
269	209
269	221
269	223
269	248
269	270
269	277
269	282
269	284
269	289
269	292
269	293
269	294
269	299
270	58
270	78
270	132
270	179
270	207
270	209
270	223
270	248
270	259
270	261
270	263
270	269
270	277
270	285
270	289
270	293
270	294
270	299
271	12
271	38
271	79
271	157
271	159
271	166
271	169
271	185
271	193
271	194
271	197
271	205
271	228
271	235
271	242
271	265
271	283
271	292
272	57
272	71
272	144
272	146
272	170
272	198
272	236
272	250
272	255
272	257
272	258
272	275
272	280
272	290
272	295
272	297
272	298
272	300
273	25
273	36
273	40
273	70
273	80
273	159
273	166
273	185
273	197
273	205
273	217
273	239
273	242
273	245
273	260
273	283
273	290
273	292
274	31
274	84
274	136
274	158
274	178
274	189
274	214
274	237
274	244
274	246
274	249
274	252
274	264
274	267
274	268
274	278
274	279
274	288
275	50
275	114
275	140
275	200
275	226
275	236
275	250
275	255
275	257
275	258
275	262
275	272
275	276
275	280
275	295
275	297
275	298
275	300
276	8
276	50
276	71
276	140
276	146
276	170
276	178
276	226
276	232
276	250
276	257
276	258
276	262
276	275
276	295
276	297
276	298
276	300
277	75
277	78
277	137
277	153
277	179
277	209
277	221
277	223
277	248
277	259
277	263
277	269
277	270
277	282
277	285
277	289
277	293
277	299
278	12
278	31
278	130
278	136
278	178
278	189
278	214
278	237
278	244
278	246
278	249
278	252
278	264
278	267
278	268
278	274
278	279
278	288
279	12
279	136
279	178
279	182
279	187
279	189
279	190
279	216
279	237
279	244
279	246
279	252
279	264
279	267
279	268
279	274
279	278
279	288
280	35
280	71
280	114
280	117
280	139
280	146
280	150
280	235
280	236
280	255
280	257
280	258
280	276
280	287
280	295
280	297
280	298
280	300
281	14
281	18
281	61
281	145
281	155
281	181
281	195
281	229
281	232
281	240
281	254
281	256
281	266
281	284
281	286
281	287
281	291
281	296
282	78
282	132
282	137
282	179
282	207
282	221
282	223
282	248
282	259
282	261
282	263
282	269
282	270
282	277
282	285
282	289
282	293
282	299
283	25
283	31
283	36
283	145
283	166
283	173
283	197
283	205
283	225
283	228
283	235
283	242
283	248
283	265
283	271
283	273
283	290
283	292
284	14
284	37
284	61
284	91
284	93
284	145
284	155
284	181
284	232
284	240
284	254
284	266
284	270
284	281
284	286
284	287
284	291
284	296
285	74
285	78
285	121
285	179
285	213
285	221
285	226
285	248
285	253
285	261
285	263
285	269
285	270
285	282
285	289
285	293
285	294
285	299
286	61
286	91
286	102
286	145
286	155
286	195
286	203
286	221
286	229
286	232
286	240
286	254
286	266
286	281
286	284
286	287
286	291
286	296
287	14
287	18
287	61
287	91
287	101
287	138
287	155
287	169
287	181
287	210
287	229
287	232
287	254
287	256
287	266
287	284
287	286
287	296
288	82
288	89
288	102
288	178
288	190
288	214
288	237
288	244
288	246
288	249
288	252
288	259
288	264
288	267
288	268
288	274
288	278
288	279
289	5
289	83
289	128
289	137
289	209
289	223
289	248
289	259
289	261
289	269
289	270
289	277
289	282
289	285
289	293
289	294
289	296
289	299
290	25
290	38
290	61
290	65
290	113
290	159
290	166
290	185
290	205
290	228
290	235
290	242
290	245
290	260
290	265
290	271
290	273
290	292
291	14
291	18
291	91
291	155
291	169
291	195
291	196
291	229
291	232
291	240
291	254
291	256
291	260
291	281
291	284
291	286
291	287
291	296
292	36
292	38
292	81
292	162
292	166
292	173
292	185
292	197
292	205
292	217
292	228
292	235
292	242
292	260
292	271
292	273
292	283
292	290
293	52
293	74
293	78
293	132
293	179
293	197
293	207
293	209
293	210
293	261
293	263
293	270
293	277
293	282
293	286
293	289
293	294
293	299
294	26
294	83
294	89
294	98
294	137
294	177
294	179
294	207
294	221
294	248
294	259
294	261
294	268
294	269
294	270
294	282
294	285
294	293
295	90
295	114
295	117
295	190
295	200
295	204
295	208
295	226
295	250
295	255
295	257
295	258
295	269
295	272
295	275
295	280
295	298
295	300
296	14
296	18
296	145
296	155
296	169
296	181
296	195
296	210
296	232
296	240
296	254
296	256
296	266
296	281
296	284
296	286
296	287
296	291
297	50
297	114
297	117
297	146
297	170
297	226
297	236
297	250
297	255
297	257
297	258
297	261
297	262
297	272
297	276
297	280
297	295
297	298
298	50
298	92
298	117
298	139
298	140
298	146
298	200
298	226
298	245
298	255
298	257
298	262
298	272
298	275
298	276
298	295
298	297
298	300
299	40
299	74
299	78
299	83
299	130
299	132
299	137
299	179
299	198
299	224
299	248
299	259
299	269
299	270
299	277
299	285
299	293
299	294
300	70
300	114
300	117
300	120
300	127
300	139
300	140
300	170
300	200
300	225
300	236
300	255
300	257
300	262
300	280
300	285
300	295
300	298
