1	48
1	52
1	110
1	139
1	155
1	174
1	249
1	259
1	298
1	305
1	320
1	331
1	333
1	352
1	359
1	360
1	363
1	367
1	373
1	378
1	382
1	389
1	390
1	391
2	17
2	83
2	92
2	139
2	161
2	191
2	205
2	218
2	232
2	265
2	290
2	293
2	302
2	336
2	344
2	351
2	354
2	365
2	367
2	374
2	386
2	392
2	397
2	400
3	14
3	54
3	84
3	168
3	216
3	227
3	252
3	265
3	274
3	277
3	291
3	294
3	308
3	312
3	323
3	342
3	348
3	350
3	353
3	358
3	368
3	371
3	395
3	397
4	11
4	14
4	15
4	22
4	25
4	37
4	80
4	100
4	114
4	118
4	133
4	159
4	162
4	175
4	180
4	210
4	220
4	229
4	259
4	268
4	286
4	352
4	353
4	373
5	13
5	48
5	63
5	76
5	83
5	93
5	127
5	143
5	146
5	152
5	154
5	155
5	178
5	189
5	219
5	229
5	231
5	266
5	276
5	285
5	288
5	353
5	395
5	398
6	88
6	105
6	119
6	121
6	147
6	166
6	172
6	198
6	208
6	214
6	215
6	221
6	225
6	255
6	267
6	285
6	321
6	322
6	324
6	329
6	332
6	344
6	361
6	362
7	9
7	16
7	51
7	70
7	73
7	104
7	131
7	136
7	149
7	186
7	208
7	212
7	235
7	237
7	238
7	243
7	246
7	250
7	279
7	310
7	340
7	350
7	381
7	387
8	1
8	52
8	145
8	174
8	207
8	210
8	234
8	281
8	289
8	298
8	305
8	339
8	343
8	352
8	357
8	360
8	363
8	373
8	378
8	382
8	383
8	389
8	390
8	391
9	41
9	92
9	98
9	102
9	106
9	115
9	129
9	142
9	186
9	190
9	192
9	206
9	208
9	227
9	228
9	233
9	236
9	245
9	259
9	264
9	270
9	304
9	335
9	359
10	27
10	30
10	38
10	60
10	78
10	88
10	94
10	101
10	115
10	124
10	137
10	145
10	150
10	163
10	164
10	183
10	188
10	200
10	204
10	210
10	228
10	339
10	358
11	14
11	15
11	21
11	22
11	25
11	45
11	57
11	66
11	99
11	100
11	114
11	118
11	133
11	159
11	162
11	170
11	175
11	180
11	210
11	223
11	273
11	327
11	342
11	399
12	7
12	16
12	31
12	51
12	54
12	104
12	128
12	130
12	131
12	132
12	149
12	185
12	212
12	235
12	237
12	243
12	246
12	248
12	250
12	264
12	302
12	354
12	361
12	392
13	18
13	25
13	55
13	76
13	85
13	116
13	132
13	143
13	146
13	152
13	154
13	155
13	219
13	222
13	229
13	231
13	253
13	265
13	271
13	288
13	307
13	337
13	374
13	400
14	4
14	21
14	25
14	100
14	114
14	118
14	133
14	141
14	159
14	162
14	175
14	180
14	210
14	226
14	237
14	241
14	257
14	286
14	324
14	342
14	345
14	353
14	357
14	388
15	14
15	21
15	22
15	100
15	101
15	105
15	114
15	118
15	133
15	155
15	159
15	162
15	175
15	180
15	210
15	295
15	317
15	318
15	350
15	369
15	377
15	382
15	395
15	398
16	12
16	51
16	79
16	89
16	107
16	136
16	138
16	149
16	185
16	199
16	207
16	208
16	212
16	224
16	235
16	237
16	243
16	246
16	250
16	272
16	287
16	298
16	355
16	392
17	2
17	156
17	172
17	173
17	197
17	218
17	223
17	232
17	237
17	249
17	295
17	297
17	302
17	327
17	336
17	351
17	354
17	359
17	365
17	374
17	386
17	392
17	397
17	400
18	54
18	65
18	77
18	80
18	95
18	104
18	108
18	126
18	127
18	156
18	177
18	179
18	195
18	234
18	240
18	254
18	258
18	264
18	296
18	306
18	310
18	313
18	326
18	382
19	56
19	78
19	87
19	109
19	118
19	140
19	155
19	157
19	223
19	226
19	260
19	273
19	280
19	283
19	314
19	341
19	357
19	366
19	370
19	376
19	379
19	385
19	390
19	400
20	62
20	80
20	156
20	158
20	171
20	209
20	251
20	303
20	322
20	325
20	334
20	335
20	340
20	342
20	355
20	356
20	364
20	368
20	380
20	388
20	393
20	394
20	396
20	399
21	4
21	11
21	15
21	22
21	25
21	85
21	94
21	100
21	114
21	118
21	133
21	159
21	162
21	164
21	175
21	180
21	197
21	200
21	210
21	226
21	229
21	294
21	337
21	374
22	4
22	11
22	14
22	15
22	21
22	25
22	64
22	100
22	114
22	118
22	133
22	159
22	162
22	175
22	180
22	210
22	278
22	293
22	309
22	314
22	326
22	353
22	368
22	387
23	53
23	92
23	102
23	108
23	129
23	135
23	142
23	185
23	190
23	192
23	211
23	227
23	228
23	236
23	251
23	252
23	264
23	270
23	272
23	315
23	354
23	358
23	376
23	389
24	28
24	43
24	105
24	115
24	117
24	153
24	165
24	167
24	185
24	192
24	198
24	203
24	211
24	213
24	238
24	239
24	255
24	261
24	268
24	288
24	302
24	316
24	329
24	392
25	4
25	11
25	14
25	15
25	22
25	68
25	100
25	114
25	118
25	122
25	133
25	159
25	160
25	162
25	173
25	175
25	177
25	180
25	210
25	227
25	251
25	275
25	363
25	384
26	5
26	42
26	63
26	71
26	99
26	109
26	120
26	123
26	148
26	157
26	201
26	223
26	280
26	283
26	308
26	314
26	320
26	341
26	357
26	366
26	370
26	376
26	379
26	385
27	5
27	10
27	15
27	38
27	60
27	78
27	83
27	86
27	94
27	101
27	115
27	124
27	137
27	145
27	159
27	163
27	164
27	183
27	289
27	312
27	330
27	346
27	349
27	383
28	24
28	34
28	61
28	89
28	93
28	112
28	117
28	129
28	153
28	161
28	165
28	167
28	198
28	203
28	238
28	239
28	255
28	261
28	268
28	270
28	277
28	354
28	359
28	384
29	22
29	39
29	56
29	70
29	79
29	117
29	119
29	121
29	130
29	160
29	221
29	225
29	263
29	275
29	285
29	321
29	324
29	329
29	332
29	342
29	344
29	361
29	362
29	365
30	68
30	71
30	82
30	84
30	114
30	130
30	149
30	168
30	177
30	181
30	202
30	220
30	230
30	242
30	262
30	267
30	275
30	282
30	289
30	292
30	301
30	320
30	341
30	343
31	7
31	12
31	46
31	56
31	73
31	104
31	107
31	131
31	138
31	174
31	181
31	185
31	186
31	204
31	208
31	212
31	235
31	237
31	243
31	246
31	250
31	296
31	325
31	334
32	27
32	49
32	58
32	73
32	113
32	168
32	196
32	220
32	247
32	269
32	278
32	279
32	306
32	327
32	330
32	333
32	345
32	346
32	372
32	375
32	381
32	384
32	387
32	398
33	36
33	40
33	241
33	258
33	277
33	300
33	318
33	322
33	323
33	335
33	340
33	347
33	355
33	356
33	376
33	377
33	380
33	383
33	387
33	388
33	393
33	394
33	396
33	399
34	18
34	35
34	86
34	95
34	111
34	136
34	179
34	189
34	195
34	199
34	234
34	240
34	254
34	296
34	301
34	310
34	313
34	321
34	323
34	335
34	376
34	381
34	388
34	390
35	33
35	53
35	78
35	89
35	91
35	112
35	120
35	122
35	172
35	204
35	207
35	213
35	238
35	245
35	251
35	253
35	267
35	286
35	288
35	299
35	307
35	311
35	330
35	336
36	33
36	45
36	50
36	87
36	157
36	172
36	173
36	191
36	213
36	293
36	295
36	297
36	302
36	330
36	350
36	351
36	354
36	365
36	367
36	374
36	386
36	392
36	397
36	400
37	38
37	91
37	96
37	102
37	103
37	112
37	115
37	120
37	148
37	203
37	219
37	222
37	226
37	235
37	245
37	248
37	251
37	253
37	267
37	288
37	293
37	307
37	311
37	327
38	10
38	60
38	67
38	78
38	88
38	101
38	105
38	113
38	115
38	124
38	135
38	137
38	145
38	150
38	160
38	163
38	164
38	178
38	183
38	298
38	332
38	348
38	367
38	383
39	3
39	29
39	34
39	79
39	105
39	147
39	214
39	215
39	224
39	225
39	259
39	263
39	285
39	292
39	308
39	321
39	324
39	329
39	332
39	344
39	361
39	362
39	387
39	396
40	33
40	111
40	158
40	200
40	241
40	246
40	274
40	317
40	318
40	322
40	330
40	332
40	334
40	347
40	356
40	364
40	377
40	383
40	387
40	388
40	393
40	396
40	399
40	400
41	9
41	23
41	98
41	102
41	106
41	129
41	142
41	192
41	204
41	206
41	227
41	228
41	234
41	236
41	242
41	256
41	261
41	264
41	270
41	331
41	344
41	385
41	387
41	398
42	26
42	56
42	57
42	99
42	104
42	109
42	124
42	150
42	185
42	224
42	269
42	273
42	280
42	290
42	300
42	314
42	341
42	357
42	366
42	369
42	370
42	376
42	379
42	400
43	24
43	28
43	39
43	112
43	117
43	121
43	146
43	153
43	161
43	165
43	167
43	198
43	203
43	211
43	230
43	238
43	239
43	255
43	261
43	268
43	283
43	287
43	327
43	346
44	36
44	45
44	82
44	83
44	193
44	197
44	205
44	213
44	218
44	232
44	293
44	295
44	297
44	302
44	328
44	336
44	351
44	354
44	365
44	367
44	386
44	392
44	397
44	400
45	44
45	46
45	87
45	144
45	172
45	197
45	205
45	293
45	295
45	296
45	297
45	302
45	309
45	328
45	336
45	351
45	365
45	367
45	374
45	383
45	386
45	392
45	397
45	400
46	35
46	37
46	88
46	97
46	103
46	148
46	204
46	207
46	214
46	222
46	248
46	251
46	253
46	255
46	267
46	270
46	288
46	300
46	307
46	311
46	342
46	345
46	376
46	387
47	68
47	77
47	82
47	97
47	130
47	177
47	181
47	184
47	193
47	220
47	230
47	234
47	242
47	262
47	275
47	282
47	289
47	292
47	301
47	322
47	324
47	376
47	388
47	398
48	8
48	151
48	182
48	211
48	221
48	257
48	281
48	298
48	307
48	315
48	319
48	320
48	338
48	343
48	352
48	359
48	360
48	365
48	369
48	373
48	378
48	389
48	391
48	396
49	58
49	73
49	127
49	141
49	144
49	182
49	247
49	256
49	260
49	271
49	276
49	279
49	327
49	330
49	337
49	349
49	358
49	372
49	375
49	379
49	381
49	384
49	392
49	398
50	90
50	110
50	139
50	152
50	165
50	174
50	188
50	212
50	252
50	257
50	296
50	305
50	315
50	331
50	338
50	339
50	343
50	360
50	363
50	369
50	373
50	382
50	390
50	391
51	12
51	16
51	31
51	55
51	56
51	73
51	107
51	129
51	131
51	138
51	149
51	150
51	184
51	185
51	186
51	208
51	212
51	237
51	243
51	246
51	271
51	294
51	366
51	399
52	49
52	90
52	110
52	141
52	169
52	191
52	202
52	259
52	297
52	298
52	320
52	331
52	338
52	343
52	359
52	360
52	363
52	369
52	372
52	373
52	378
52	382
52	389
52	391
53	35
53	76
53	96
53	112
53	113
53	122
53	123
53	135
53	148
53	161
53	200
53	204
53	207
53	219
53	222
53	232
53	241
53	248
53	251
53	253
53	267
53	288
53	307
53	311
54	3
54	64
54	75
54	77
54	126
54	137
54	168
54	194
54	233
54	260
54	272
54	274
54	286
54	287
54	304
54	319
54	323
54	326
54	342
54	358
54	368
54	382
54	395
54	396
55	13
55	59
55	76
55	97
55	116
55	124
55	132
55	140
55	143
55	146
55	152
55	155
55	167
55	168
55	178
55	219
55	229
55	230
55	231
55	257
55	273
55	276
55	313
55	397
56	58
56	81
56	93
56	140
56	157
56	187
56	225
56	226
56	247
56	250
56	273
56	276
56	280
56	283
56	290
56	300
56	314
56	341
56	357
56	366
56	370
56	376
56	379
56	385
57	45
57	56
57	75
57	109
57	140
57	142
57	157
57	187
57	201
57	223
57	249
57	266
57	269
57	273
57	280
57	283
57	289
57	309
57	357
57	370
57	376
57	379
57	382
57	385
58	32
58	49
58	92
58	113
58	128
58	271
58	272
58	278
58	304
58	306
58	309
58	327
58	330
58	337
58	340
58	345
58	346
58	348
58	349
58	372
58	375
58	381
58	384
58	398
59	5
59	13
59	55
59	63
59	76
59	85
59	116
59	132
59	146
59	154
59	155
59	178
59	219
59	229
59	230
59	231
59	255
59	275
59	298
59	308
59	328
59	329
59	363
59	374
60	10
60	20
60	30
60	38
60	40
60	56
60	88
60	94
60	101
60	115
60	133
60	137
60	145
60	150
60	163
60	164
60	183
60	206
60	234
60	310
60	349
60	377
60	378
60	391
61	9
61	28
61	43
61	89
61	93
61	128
61	142
61	153
61	159
61	165
61	198
61	203
61	211
61	238
61	239
61	256
61	261
61	268
61	274
61	278
61	312
61	323
61	338
61	379
62	20
62	100
62	127
62	170
62	216
62	244
62	258
62	318
62	322
62	325
62	334
62	335
62	340
62	347
62	355
62	356
62	363
62	364
62	377
62	380
62	383
62	393
62	394
62	396
63	5
63	6
63	13
63	55
63	58
63	76
63	85
63	108
63	116
63	146
63	155
63	178
63	191
63	219
63	229
63	231
63	279
63	292
63	310
63	331
63	345
63	352
63	369
63	370
64	3
64	21
64	75
64	78
64	134
64	196
64	216
64	217
64	233
64	252
64	260
64	265
64	287
64	294
64	299
64	304
64	312
64	316
64	326
64	342
64	348
64	358
64	368
64	371
65	31
65	34
65	57
65	66
65	77
65	80
65	108
65	111
65	127
65	136
65	162
65	179
65	189
65	193
65	195
65	199
65	240
65	254
65	296
65	310
65	347
65	351
65	375
65	393
66	34
66	65
66	67
66	72
66	86
66	95
66	111
66	155
66	189
66	199
66	206
66	213
66	240
66	254
66	262
66	296
66	301
66	310
66	313
66	333
66	355
66	359
66	365
66	383
67	65
67	66
67	77
67	80
67	88
67	95
67	108
67	109
67	127
67	136
67	143
67	169
67	178
67	190
67	195
67	215
67	240
67	241
67	296
67	310
67	313
67	324
67	333
67	381
68	49
68	71
68	81
68	82
68	84
68	124
68	130
68	148
68	177
68	184
68	193
68	220
68	230
68	242
68	250
68	262
68	275
68	282
68	289
68	292
68	301
68	337
68	338
68	374
69	103
69	196
69	256
69	271
69	272
69	276
69	278
69	279
69	297
69	306
69	309
69	315
69	333
69	337
69	345
69	346
69	349
69	361
69	372
69	373
69	375
69	381
69	384
69	398
70	29
70	39
70	79
70	126
70	147
70	166
70	214
70	215
70	221
70	263
70	291
70	300
70	321
70	324
70	329
70	332
70	337
70	344
70	361
70	362
70	372
70	386
70	391
70	395
71	10
71	11
71	73
71	82
71	84
71	130
71	137
71	177
71	181
71	184
71	193
71	202
71	230
71	231
71	242
71	248
71	262
71	275
71	282
71	289
71	292
71	295
71	301
71	369
72	42
72	50
72	98
72	106
72	142
72	154
72	181
72	183
72	186
72	190
72	192
72	206
72	227
72	228
72	236
72	239
72	243
72	264
72	270
72	286
72	312
72	326
72	348
72	360
73	16
73	26
73	31
73	51
73	104
73	114
73	128
73	138
73	149
73	185
73	208
73	228
73	235
73	237
73	240
73	243
73	246
73	250
73	269
73	275
73	285
73	313
73	318
73	368
74	21
74	40
74	117
74	170
74	200
74	204
74	209
74	244
74	258
74	284
74	299
74	303
74	318
74	321
74	334
74	340
74	356
74	364
74	377
74	380
74	383
74	394
74	396
74	399
75	3
75	125
75	134
75	194
75	214
75	233
75	260
75	265
75	266
75	286
75	287
75	294
75	299
75	304
75	308
75	312
75	316
75	319
75	342
75	348
75	353
75	368
75	371
75	395
76	5
76	55
76	59
76	71
76	84
76	85
76	116
76	132
76	152
76	154
76	155
76	178
76	195
76	201
76	209
76	219
76	229
76	231
76	274
76	291
76	338
76	386
76	395
76	399
77	34
77	65
77	80
77	86
77	95
77	108
77	127
77	136
77	139
77	151
77	179
77	195
77	199
77	240
77	254
77	256
77	270
77	283
77	296
77	305
77	309
77	310
77	313
77	373
78	10
78	27
78	38
78	60
78	94
78	95
78	101
78	115
78	124
78	134
78	145
78	150
78	163
78	164
78	167
78	183
78	188
78	256
78	258
78	272
78	294
78	334
78	347
78	385
79	14
79	39
79	62
79	70
79	92
79	121
79	147
79	166
79	178
79	214
79	215
79	221
79	239
79	263
79	285
79	286
79	321
79	324
79	329
79	332
79	344
79	361
79	362
79	382
80	65
80	67
80	86
80	89
80	103
80	106
80	108
80	111
80	127
80	179
80	185
80	189
80	195
80	199
80	240
80	246
80	254
80	273
80	296
80	310
80	313
80	321
80	363
80	375
81	22
81	99
81	163
81	201
81	226
81	238
81	240
81	249
81	269
81	273
81	280
81	283
81	290
81	300
81	314
81	319
81	341
81	346
81	348
81	357
81	366
81	370
81	376
81	385
82	10
82	30
82	47
82	56
82	61
82	68
82	71
82	109
82	132
82	177
82	181
82	184
82	193
82	202
82	230
82	242
82	251
82	262
82	275
82	282
82	289
82	292
82	301
82	320
83	8
83	17
83	36
83	173
83	191
83	197
83	213
83	218
83	219
83	293
83	295
83	302
83	328
83	336
83	344
83	351
83	354
83	365
83	367
83	371
83	386
83	392
83	397
83	400
84	28
84	30
84	47
84	82
84	172
84	181
84	184
84	202
84	206
84	218
84	220
84	230
84	234
84	242
84	258
84	262
84	275
84	282
84	289
84	292
84	301
84	332
84	336
84	339
85	5
85	13
85	20
85	59
85	63
85	73
85	106
85	116
85	143
85	146
85	152
85	154
85	155
85	178
85	219
85	229
85	231
85	274
85	289
85	328
85	331
85	364
85	388
85	399
86	18
86	25
86	67
86	77
86	80
86	95
86	111
86	149
86	179
86	189
86	195
86	199
86	229
86	233
86	234
86	254
86	261
86	284
86	296
86	310
86	313
86	318
86	320
86	359
87	2
87	36
87	172
87	181
87	186
87	191
87	199
87	205
87	232
87	264
87	271
87	293
87	295
87	297
87	302
87	328
87	336
87	351
87	365
87	367
87	374
87	386
87	392
87	397
88	10
88	27
88	38
88	60
88	78
88	94
88	101
88	115
88	124
88	137
88	143
88	145
88	150
88	163
88	164
88	183
88	241
88	286
88	323
88	340
88	354
88	356
88	381
88	399
89	24
89	28
89	61
89	67
89	93
89	153
89	161
89	165
89	167
89	198
89	203
89	211
89	223
89	238
89	239
89	254
89	255
89	261
89	268
89	279
89	284
89	287
89	346
89	391
90	8
90	48
90	52
90	53
90	151
90	182
90	188
90	259
90	281
90	298
90	305
90	315
90	331
90	336
90	343
90	359
90	360
90	363
90	369
90	378
90	382
90	389
90	390
90	391
91	35
91	36
91	37
91	53
91	96
91	120
91	122
91	148
91	156
91	204
91	207
91	222
91	245
91	251
91	253
91	254
91	267
91	280
91	288
91	294
91	311
91	317
91	352
91	384
92	9
92	23
92	98
92	110
92	129
92	170
92	190
92	206
92	207
92	222
92	223
92	227
92	228
92	231
92	236
92	249
92	264
92	270
92	308
92	328
92	330
92	373
92	395
92	398
93	11
93	43
93	61
93	66
93	68
93	89
93	112
93	117
93	148
93	153
93	165
93	167
93	198
93	203
93	211
93	238
93	239
93	255
93	261
93	268
93	274
93	307
93	315
93	400
94	7
94	10
94	27
94	60
94	70
94	88
94	101
94	115
94	124
94	137
94	141
94	145
94	150
94	163
94	164
94	170
94	183
94	217
94	247
94	253
94	303
94	327
94	329
94	360
95	22
95	65
95	69
95	80
95	108
95	127
95	129
95	136
95	153
95	179
95	182
95	183
95	195
95	199
95	234
95	240
95	245
95	254
95	310
95	313
95	362
95	370
95	380
95	398
96	37
96	53
96	91
96	103
96	112
96	120
96	122
96	125
96	185
96	204
96	207
96	242
96	245
96	248
96	251
96	253
96	258
96	267
96	288
96	306
96	307
96	311
96	345
96	397
97	33
97	171
97	176
97	200
97	211
97	224
97	241
97	281
97	284
97	301
97	303
97	316
97	317
97	318
97	334
97	340
97	347
97	355
97	356
97	364
97	377
97	380
97	394
97	396
98	23
98	30
98	72
98	92
98	106
98	123
98	129
98	135
98	190
98	192
98	194
98	201
98	203
98	206
98	216
98	227
98	228
98	236
98	264
98	270
98	320
98	332
98	344
98	394
99	57
99	65
99	72
99	123
99	140
99	142
99	149
99	187
99	189
99	200
99	201
99	223
99	226
99	269
99	270
99	290
99	300
99	314
99	341
99	366
99	370
99	376
99	379
99	385
100	4
100	21
100	22
100	25
100	95
100	112
100	114
100	118
100	133
100	159
100	162
100	165
100	175
100	180
100	190
100	197
100	210
100	257
100	276
100	306
100	346
100	354
100	357
100	358
101	10
101	27
101	38
101	43
101	60
101	78
101	82
101	88
101	94
101	108
101	115
101	124
101	131
101	137
101	145
101	150
101	163
101	164
101	183
101	261
101	274
101	346
101	357
101	373
102	9
102	23
102	41
102	72
102	92
102	98
102	132
102	135
102	142
102	190
102	205
102	206
102	210
102	220
102	227
102	228
102	236
102	245
102	254
102	264
102	270
102	301
102	315
102	361
103	37
103	53
103	91
103	96
103	112
103	120
103	148
103	187
103	198
103	204
103	222
103	227
103	228
103	245
103	248
103	251
103	267
103	288
103	299
103	307
103	311
103	333
103	347
103	362
104	7
104	51
104	73
104	74
104	106
104	107
104	128
104	131
104	138
104	185
104	186
104	208
104	212
104	225
104	231
104	235
104	246
104	250
104	258
104	314
104	316
104	339
104	353
104	372
105	79
105	119
105	121
105	153
105	160
105	180
105	183
105	184
105	214
105	224
105	225
105	246
105	263
105	283
105	285
105	302
105	321
105	324
105	329
105	332
105	344
105	361
105	362
105	379
106	9
106	41
106	72
106	92
106	98
106	102
106	115
106	129
106	135
106	138
106	142
106	190
106	206
106	227
106	228
106	236
106	258
106	264
106	270
106	295
106	307
106	312
106	357
106	382
107	7
107	16
107	39
107	51
107	73
107	138
107	149
107	150
107	160
107	166
107	186
107	208
107	212
107	225
107	235
107	237
107	243
107	246
107	250
107	253
107	302
107	315
107	333
107	360
108	18
108	34
108	67
108	80
108	86
108	111
108	127
108	135
108	136
108	179
108	195
108	199
108	220
108	234
108	240
108	243
108	247
108	254
108	296
108	300
108	304
108	310
108	313
108	321
109	26
109	29
109	57
109	99
109	106
109	123
109	157
109	208
109	226
109	269
109	285
109	290
109	300
109	314
109	323
109	341
109	357
109	366
109	368
109	370
109	376
109	379
109	385
109	398
110	1
110	8
110	48
110	90
110	169
110	182
110	188
110	191
110	288
110	320
110	323
110	331
110	339
110	343
110	355
110	359
110	363
110	369
110	373
110	378
110	382
110	389
110	390
110	391
111	26
111	34
111	58
111	65
111	77
111	80
111	95
111	108
111	136
111	178
111	179
111	189
111	195
111	199
111	234
111	240
111	264
111	296
111	310
111	313
111	356
111	364
111	376
111	378
112	23
112	29
112	46
112	91
112	95
112	96
112	103
112	120
112	122
112	177
112	207
112	214
112	222
112	245
112	248
112	251
112	253
112	268
112	275
112	288
112	307
112	311
112	355
112	360
113	49
113	51
113	61
113	69
113	102
113	141
113	196
113	247
113	271
113	276
113	278
113	298
113	306
113	309
113	327
113	333
113	337
113	345
113	346
113	349
113	375
113	381
113	384
113	398
114	4
114	8
114	11
114	14
114	15
114	21
114	22
114	100
114	147
114	159
114	175
114	180
114	210
114	230
114	272
114	273
114	283
114	300
114	325
114	329
114	335
114	378
114	379
114	387
115	27
115	38
115	60
115	78
115	88
115	113
115	124
115	127
115	137
115	144
115	150
115	163
115	183
115	203
115	232
115	233
115	244
115	263
115	348
115	353
115	360
115	384
115	392
115	398
116	5
116	13
116	52
116	55
116	59
116	63
116	76
116	85
116	132
116	143
116	146
116	152
116	154
116	164
116	178
116	219
116	229
116	231
116	249
116	282
116	347
116	376
116	380
116	384
117	17
117	24
117	43
117	45
117	61
117	93
117	153
117	161
117	166
117	167
117	176
117	204
117	211
117	238
117	239
117	253
117	255
117	259
117	261
117	263
117	266
117	267
117	268
117	291
118	4
118	11
118	13
118	15
118	21
118	22
118	25
118	87
118	100
118	119
118	133
118	154
118	159
118	162
118	175
118	178
118	180
118	210
118	242
118	269
118	284
118	290
118	351
118	369
119	105
119	111
119	120
119	121
119	140
119	147
119	166
119	206
119	214
119	215
119	221
119	224
119	236
119	263
119	284
119	285
119	321
119	324
119	327
119	332
119	344
119	361
119	362
119	396
120	46
120	79
120	91
120	96
120	103
120	112
120	121
120	122
120	166
120	204
120	207
120	222
120	245
120	248
120	251
120	253
120	267
120	269
120	288
120	307
120	311
120	369
120	373
120	379
121	6
121	29
121	39
121	64
121	105
121	134
121	160
121	166
121	192
121	205
121	214
121	215
121	263
121	285
121	288
121	294
121	321
121	324
121	329
121	332
121	344
121	361
121	362
121	371
122	25
122	37
122	42
122	91
122	96
122	103
122	112
122	120
122	148
122	204
122	245
122	248
122	251
122	253
122	261
122	267
122	298
122	307
122	311
122	312
122	354
122	373
122	385
122	389
123	19
123	81
123	99
123	109
123	140
123	187
123	201
123	223
123	249
123	269
123	273
123	280
123	283
123	290
123	314
123	341
123	357
123	363
123	366
123	367
123	370
123	376
123	379
123	385
124	1
124	10
124	21
124	27
124	38
124	60
124	78
124	88
124	94
124	101
124	115
124	164
124	183
124	208
124	236
124	237
124	260
124	275
124	278
124	312
124	336
124	374
124	381
124	396
125	3
125	17
125	71
125	168
125	174
125	217
125	226
125	233
125	252
125	260
125	265
125	266
125	287
125	299
125	308
125	312
125	319
125	323
125	326
125	348
125	358
125	368
125	371
125	395
126	3
126	7
126	119
126	168
126	171
126	216
126	262
126	265
126	272
126	286
126	287
126	291
126	294
126	299
126	304
126	312
126	316
126	326
126	348
126	353
126	368
126	371
126	391
126	395
127	18
127	34
127	59
127	67
127	77
127	80
127	101
127	108
127	111
127	121
127	179
127	180
127	195
127	199
127	227
127	234
127	240
127	254
127	296
127	310
127	313
127	341
127	366
127	400
128	7
128	12
128	51
128	104
128	107
128	116
128	125
128	131
128	141
128	149
128	151
128	177
128	185
128	208
128	212
128	235
128	237
128	243
128	246
128	250
128	284
128	345
128	363
128	383
129	7
129	9
129	23
129	70
129	72
129	91
129	92
129	102
129	106
129	135
129	190
129	192
129	201
129	206
129	217
129	227
129	228
129	234
129	236
129	264
129	270
129	311
129	351
129	389
130	15
130	30
130	31
130	47
130	68
130	71
130	105
130	122
130	139
130	177
130	181
130	184
130	193
130	220
130	230
130	242
130	262
130	275
130	282
130	289
130	292
130	301
130	370
130	393
131	31
131	76
131	96
131	107
131	117
131	125
131	128
131	138
131	149
131	185
131	186
131	212
131	235
131	243
131	246
131	250
131	262
131	268
131	278
131	316
131	328
131	367
131	382
131	394
132	13
132	55
132	59
132	63
132	82
132	85
132	113
132	124
132	125
132	143
132	152
132	154
132	155
132	178
132	191
132	219
132	229
132	231
132	238
132	255
132	297
132	311
132	313
132	354
133	4
133	11
133	14
133	15
133	22
133	25
133	57
133	74
133	99
133	100
133	112
133	114
133	118
133	146
133	159
133	162
133	175
133	180
133	191
133	210
133	242
133	322
133	357
133	369
134	75
134	85
134	109
134	138
134	156
134	168
134	179
134	194
134	214
134	217
134	232
134	252
134	266
134	274
134	308
134	312
134	313
134	316
134	323
134	326
134	350
134	358
134	368
134	371
135	2
135	20
135	23
135	41
135	72
135	92
135	98
135	102
135	106
135	129
135	142
135	176
135	190
135	192
135	227
135	228
135	233
135	236
135	264
135	270
135	289
135	311
135	313
135	317
136	66
136	77
136	80
136	86
136	95
136	104
136	116
136	127
136	179
136	189
136	190
136	191
136	199
136	219
136	232
136	234
136	244
136	296
136	299
136	310
136	313
136	317
136	364
136	379
137	27
137	55
137	63
137	71
137	78
137	88
137	94
137	101
137	115
137	124
137	145
137	150
137	163
137	164
137	183
137	203
137	245
137	270
137	275
137	301
137	324
137	350
137	362
137	392
138	7
138	12
138	16
138	31
138	51
138	128
138	131
138	161
138	185
138	186
138	190
138	208
138	212
138	229
138	235
138	237
138	243
138	246
138	250
138	322
138	325
138	356
138	358
138	372
139	24
139	32
139	42
139	48
139	110
139	257
139	259
139	262
139	315
139	318
139	323
139	331
139	338
139	339
139	343
139	352
139	360
139	362
139	363
139	373
139	378
139	382
139	389
139	390
140	19
140	43
140	47
140	56
140	81
140	98
140	109
140	187
140	201
140	210
140	223
140	247
140	250
140	269
140	273
140	280
140	290
140	300
140	318
140	370
140	376
140	379
140	385
140	389
141	3
141	32
141	38
141	49
141	144
141	155
141	256
141	272
141	276
141	278
141	279
141	306
141	309
141	327
141	330
141	333
141	337
141	345
141	349
141	372
141	375
141	381
141	384
141	398
142	9
142	23
142	41
142	53
142	72
142	92
142	102
142	129
142	135
142	138
142	165
142	190
142	192
142	206
142	228
142	236
142	264
142	269
142	270
142	271
142	329
142	360
142	379
142	380
143	5
143	13
143	40
143	59
143	63
143	72
143	76
143	101
143	116
143	132
143	146
143	152
143	154
143	155
143	178
143	211
143	219
143	229
143	231
143	246
143	302
143	351
143	356
143	365
144	58
144	59
144	108
144	169
144	196
144	247
144	256
144	271
144	272
144	276
144	278
144	306
144	309
144	327
144	333
144	337
144	345
144	346
144	372
144	375
144	381
144	384
144	398
144	399
145	27
145	41
145	53
145	65
145	78
145	88
145	94
145	115
145	124
145	137
145	150
145	163
145	164
145	183
145	247
145	252
145	265
145	291
145	333
145	336
145	361
145	363
145	373
145	391
146	5
146	55
146	59
146	63
146	76
146	116
146	132
146	143
146	148
146	150
146	152
146	154
146	155
146	175
146	178
146	188
146	219
146	229
146	231
146	238
146	315
146	338
146	364
146	371
147	6
147	39
147	70
147	131
147	214
147	215
147	221
147	225
147	263
147	285
147	293
147	297
147	299
147	321
147	324
147	329
147	332
147	344
147	361
147	362
147	366
147	369
147	381
147	390
148	2
148	8
148	37
148	46
148	53
148	69
148	112
148	120
148	122
148	154
148	192
148	204
148	222
148	229
148	245
148	251
148	253
148	267
148	288
148	307
148	311
148	365
148	381
148	384
149	7
149	16
149	73
149	102
149	104
149	128
149	130
149	131
149	138
149	145
149	155
149	186
149	208
149	209
149	235
149	237
149	243
149	246
149	248
149	250
149	309
149	351
149	386
149	393
150	10
150	60
150	78
150	81
150	88
150	94
150	101
150	107
150	124
150	137
150	145
150	158
150	163
150	164
150	178
150	183
150	260
150	280
150	285
150	299
150	309
150	330
150	371
150	392
151	68
151	84
151	169
151	174
151	188
151	216
151	257
151	259
151	282
151	298
151	305
151	320
151	331
151	338
151	339
151	352
151	359
151	360
151	363
151	373
151	382
151	389
151	390
151	391
152	54
152	59
152	63
152	90
152	97
152	110
152	113
152	132
152	143
152	146
152	154
152	155
152	178
152	204
152	229
152	231
152	235
152	246
152	251
152	347
152	350
152	356
152	386
152	398
153	70
153	89
153	93
153	146
153	165
153	166
153	167
153	198
153	203
153	208
153	211
153	212
153	238
153	239
153	255
153	261
153	268
153	310
153	311
153	316
153	331
153	338
153	371
153	395
154	5
154	13
154	44
154	55
154	85
154	116
154	141
154	143
154	146
154	152
154	172
154	178
154	213
154	219
154	229
154	231
154	237
154	243
154	268
154	316
154	322
154	329
154	371
154	391
155	5
155	13
155	16
155	55
155	59
155	76
155	85
155	97
155	116
155	132
155	143
155	152
155	154
155	187
155	219
155	229
155	231
155	234
155	260
155	289
155	320
155	345
155	377
155	379
156	40
156	42
156	124
156	171
156	176
156	200
156	209
156	244
156	317
156	318
156	325
156	335
156	355
156	356
156	364
156	376
156	377
156	380
156	383
156	387
156	390
156	393
156	396
156	399
157	11
157	42
157	56
157	98
157	109
157	123
157	140
157	158
157	182
157	223
157	245
157	249
157	269
157	280
157	283
157	300
157	314
157	341
157	357
157	366
157	370
157	376
157	379
157	385
158	20
158	119
158	156
158	170
158	211
158	241
158	242
158	258
158	277
158	284
158	317
158	322
158	335
158	347
158	355
158	356
158	364
158	370
158	383
158	388
158	394
158	396
158	397
158	399
159	12
159	14
159	21
159	25
159	114
159	118
159	133
159	162
159	167
159	175
159	180
159	189
159	197
159	201
159	210
159	249
159	265
159	281
159	308
159	316
159	318
159	358
159	373
159	374
160	4
160	105
160	119
160	121
160	165
160	171
160	177
160	192
160	214
160	215
160	221
160	224
160	242
160	263
160	285
160	302
160	307
160	321
160	324
160	329
160	332
160	344
160	361
160	362
161	24
161	31
161	43
161	56
161	61
161	93
161	117
161	151
161	157
161	167
161	198
161	210
161	211
161	238
161	239
161	255
161	261
161	262
161	268
161	273
161	304
161	336
161	341
161	356
162	4
162	10
162	11
162	14
162	15
162	21
162	25
162	39
162	60
162	94
162	100
162	118
162	133
162	159
162	163
162	175
162	210
162	216
162	243
162	290
162	305
162	323
162	390
162	392
163	27
163	32
163	38
163	78
163	86
163	94
163	101
163	115
163	124
163	137
163	145
163	150
163	164
163	179
163	183
163	190
163	213
163	281
163	290
163	292
163	310
163	339
163	368
163	372
164	10
164	27
164	38
164	60
164	78
164	88
164	94
164	99
164	101
164	115
164	137
164	145
164	150
164	163
164	183
164	189
164	218
164	236
164	237
164	277
164	288
164	321
164	364
164	375
165	6
165	24
165	28
165	43
165	49
165	61
165	89
165	117
165	140
165	153
165	161
165	198
165	203
165	211
165	238
165	239
165	253
165	255
165	261
165	268
165	294
165	341
165	346
165	376
166	6
166	58
166	79
166	104
166	119
166	147
166	160
166	179
166	199
166	206
166	214
166	215
166	225
166	263
166	285
166	296
166	319
166	321
166	324
166	329
166	332
166	344
166	361
166	362
167	28
167	43
167	89
167	93
167	101
167	117
167	136
167	153
167	161
167	176
167	203
167	212
167	238
167	239
167	255
167	261
167	267
167	268
167	279
167	287
167	291
167	326
167	331
167	338
168	64
168	75
168	118
168	125
168	134
168	183
168	187
168	216
168	217
168	265
168	291
168	304
168	312
168	319
168	323
168	326
168	342
168	348
168	350
168	353
168	354
168	368
168	371
168	395
169	1
169	8
169	50
169	120
169	139
169	249
169	259
169	298
169	315
169	320
169	331
169	338
169	339
169	343
169	352
169	359
169	363
169	369
169	373
169	378
169	382
169	389
169	390
169	391
170	62
170	90
170	148
170	158
170	181
170	241
170	258
170	278
170	317
170	318
170	322
170	334
170	335
170	347
170	355
170	377
170	382
170	383
170	387
170	393
170	394
170	395
170	396
170	399
171	74
171	158
171	174
171	176
171	244
171	250
171	258
171	277
171	290
171	317
171	335
171	340
171	355
171	356
171	364
171	377
171	380
171	383
171	387
171	388
171	393
171	394
171	396
171	399
172	2
172	17
172	32
172	36
172	87
172	103
172	191
172	197
172	213
172	232
172	239
172	293
172	302
172	328
172	336
172	340
172	354
172	367
172	374
172	386
172	392
172	393
172	397
172	400
173	2
173	46
173	181
173	199
173	205
173	213
173	218
173	232
173	293
173	295
173	297
173	302
173	310
173	314
173	328
173	351
173	365
173	367
173	374
173	386
173	392
173	396
173	397
173	400
174	8
174	90
174	116
174	121
174	138
174	139
174	163
174	188
174	257
174	285
174	305
174	320
174	334
174	338
174	352
174	359
174	360
174	369
174	373
174	378
174	382
174	389
174	390
174	391
175	11
175	15
175	21
175	22
175	25
175	79
175	81
175	100
175	114
175	118
175	133
175	151
175	162
175	167
175	180
175	184
175	194
175	199
175	210
175	243
175	284
175	305
175	329
175	340
176	33
176	82
176	97
176	101
176	156
176	196
176	200
176	219
176	244
176	258
176	284
176	287
176	317
176	334
176	340
176	347
176	355
176	380
176	383
176	388
176	393
176	394
176	396
176	399
177	31
177	37
177	47
177	59
177	82
177	130
177	181
177	184
177	202
177	220
177	230
177	231
177	242
177	248
177	262
177	267
177	273
177	275
177	282
177	289
177	292
177	301
177	326
177	339
178	17
178	55
178	59
178	63
178	64
178	76
178	85
178	116
178	120
178	132
178	154
178	162
178	186
178	219
178	229
178	231
178	240
178	264
178	326
178	357
178	381
178	383
178	393
178	394
179	2
179	8
179	34
179	47
179	50
179	55
179	66
179	86
179	95
179	108
179	127
179	171
179	189
179	195
179	234
179	239
179	240
179	278
179	296
179	310
179	313
179	322
179	329
179	337
180	4
180	11
180	14
180	15
180	19
180	100
180	114
180	118
180	119
180	133
180	143
180	156
180	159
180	162
180	175
180	197
180	210
180	302
180	311
180	320
180	321
180	349
180	391
180	394
181	28
181	47
181	55
181	68
181	71
181	130
181	175
181	177
181	182
181	184
181	193
181	202
181	220
181	225
181	230
181	242
181	262
181	273
181	275
181	282
181	289
181	292
181	301
181	335
182	8
182	48
182	50
182	90
182	110
182	174
182	259
182	281
182	288
182	298
182	315
182	331
182	338
182	339
182	352
182	359
182	363
182	369
182	373
182	378
182	382
182	389
182	390
182	391
183	10
183	18
183	24
183	38
183	60
183	64
183	75
183	88
183	94
183	101
183	124
183	137
183	145
183	150
183	163
183	164
183	261
183	296
183	319
183	322
183	364
183	371
183	384
183	387
184	21
184	47
184	71
184	82
184	84
184	111
184	140
184	157
184	181
184	202
184	220
184	230
184	236
184	238
184	242
184	262
184	275
184	278
184	282
184	289
184	301
184	312
184	325
184	380
185	7
185	12
185	16
185	31
185	41
185	73
185	81
185	93
185	104
185	107
185	131
185	138
185	149
185	182
185	208
185	212
185	235
185	240
185	243
185	246
185	250
185	335
185	349
185	367
186	12
186	16
186	34
186	47
186	97
186	104
186	128
186	131
186	149
186	157
186	159
186	208
186	212
186	235
186	237
186	243
186	246
186	250
186	257
186	356
186	365
186	387
186	390
186	394
187	13
187	19
187	42
187	52
187	81
187	94
187	96
187	99
187	157
187	201
187	223
187	269
187	273
187	293
187	300
187	314
187	341
187	345
187	357
187	362
187	366
187	370
187	376
187	385
188	52
188	90
188	139
188	229
188	257
188	259
188	298
188	305
188	315
188	331
188	338
188	342
188	350
188	358
188	359
188	360
188	363
188	369
188	373
188	378
188	382
188	389
188	390
188	391
189	18
189	22
189	23
189	34
189	65
189	66
189	67
189	77
189	94
189	95
189	111
189	136
189	149
189	150
189	202
189	216
189	234
189	254
189	296
189	313
189	361
189	379
189	390
189	400
190	9
190	23
190	80
190	92
190	98
190	102
190	106
190	129
190	135
190	142
190	153
190	192
190	206
190	217
190	227
190	228
190	236
190	245
190	264
190	270
190	305
190	334
190	349
190	359
191	2
191	17
191	36
191	44
191	83
191	145
191	171
191	173
191	197
191	205
191	213
191	218
191	251
191	293
191	295
191	336
191	351
191	365
191	367
191	374
191	386
191	392
191	397
191	400
192	14
192	41
192	72
192	98
192	102
192	106
192	110
192	119
192	135
192	142
192	169
192	190
192	206
192	209
192	227
192	228
192	248
192	264
192	270
192	303
192	314
192	315
192	319
192	345
193	30
193	68
193	70
193	84
193	110
193	120
193	130
193	177
193	181
193	218
193	221
193	229
193	230
193	242
193	262
193	275
193	282
193	289
193	292
193	299
193	301
193	369
193	373
193	393
194	36
194	168
194	172
194	216
194	217
194	252
194	259
194	265
194	266
194	274
194	282
194	287
194	291
194	308
194	316
194	319
194	323
194	326
194	348
194	350
194	353
194	358
194	368
194	371
195	18
195	27
195	61
195	67
195	77
195	86
195	110
195	122
195	127
195	136
195	176
195	189
195	199
195	234
195	240
195	254
195	266
195	268
195	296
195	310
195	313
195	317
195	340
195	347
196	113
196	141
196	160
196	164
196	174
196	189
196	264
196	271
196	272
196	278
196	279
196	287
196	306
196	327
196	330
196	333
196	337
196	346
196	349
196	372
196	375
196	381
196	384
196	398
197	2
197	44
197	172
197	173
197	191
197	194
197	201
197	218
197	232
197	293
197	295
197	297
197	302
197	309
197	328
197	336
197	351
197	354
197	365
197	367
197	374
197	392
197	397
197	400
198	22
198	24
198	41
198	42
198	43
198	89
198	131
198	153
198	161
198	165
198	167
198	171
198	209
198	211
198	215
198	238
198	239
198	252
198	255
198	261
198	265
198	268
198	362
198	382
199	18
199	43
199	51
199	66
199	67
199	77
199	108
199	111
199	136
199	213
199	234
199	240
199	250
199	254
199	295
199	296
199	310
199	313
199	325
199	366
199	368
199	377
199	397
199	399
200	74
200	105
200	170
200	171
200	176
200	233
200	244
200	277
200	280
200	284
200	301
200	322
200	325
200	335
200	340
200	356
200	364
200	377
200	380
200	383
200	387
200	388
200	394
200	396
201	26
201	27
201	42
201	57
201	187
201	223
201	226
201	249
201	269
201	280
201	283
201	290
201	300
201	301
201	314
201	341
201	353
201	357
201	366
201	370
201	373
201	376
201	379
201	385
202	6
202	30
202	47
202	71
202	74
202	82
202	84
202	130
202	151
202	177
202	181
202	193
202	220
202	240
202	242
202	244
202	275
202	282
202	288
202	289
202	292
202	301
202	344
202	378
203	24
203	28
203	61
203	88
203	89
203	93
203	107
203	117
203	118
203	153
203	161
203	165
203	167
203	173
203	198
203	211
203	221
203	238
203	239
203	255
203	261
203	268
203	291
203	360
204	18
204	35
204	46
204	96
204	120
204	122
204	148
204	196
204	201
204	207
204	224
204	245
204	248
204	251
204	253
204	267
204	281
204	288
204	307
204	311
204	314
204	343
204	361
204	386
205	17
205	45
205	62
205	83
205	173
205	213
205	218
205	232
205	256
205	293
205	297
205	302
205	307
205	328
205	351
205	359
205	365
205	367
205	374
205	385
205	386
205	392
205	397
205	400
206	9
206	41
206	46
206	65
206	67
206	72
206	92
206	98
206	106
206	125
206	129
206	135
206	142
206	159
206	184
206	190
206	192
206	227
206	228
206	236
206	264
206	268
206	270
206	384
207	35
207	46
207	53
207	96
207	103
207	112
207	120
207	122
207	170
207	190
207	204
207	205
207	222
207	245
207	248
207	251
207	253
207	267
207	307
207	311
207	315
207	333
207	349
207	389
208	7
208	12
208	16
208	23
208	31
208	49
208	51
208	73
208	104
208	107
208	128
208	131
208	138
208	157
208	170
208	186
208	235
208	237
208	238
208	243
208	250
208	308
208	320
208	334
209	74
209	86
209	97
209	156
209	158
209	176
209	200
209	207
209	244
209	277
209	303
209	328
209	334
209	335
209	340
209	348
209	349
209	383
209	387
209	388
209	393
209	394
209	396
209	399
210	4
210	11
210	14
210	15
210	21
210	22
210	114
210	118
210	126
210	128
210	133
210	135
210	142
210	159
210	162
210	175
210	180
210	187
210	246
210	300
210	348
210	349
210	352
210	361
211	24
211	25
211	26
211	44
211	61
211	93
211	117
211	137
211	153
211	161
211	165
211	198
211	201
211	203
211	239
211	253
211	255
211	257
211	261
211	268
211	286
211	304
211	385
211	389
212	12
212	29
212	48
212	51
212	98
212	104
212	107
212	128
212	132
212	138
212	149
212	185
212	186
212	203
212	208
212	237
212	250
212	284
212	319
212	356
212	361
212	368
212	377
212	384
213	44
213	119
213	172
213	173
213	197
213	215
213	218
213	232
213	293
213	295
213	297
213	302
213	324
213	328
213	336
213	351
213	354
213	365
213	367
213	374
213	386
213	392
213	397
213	400
214	6
214	49
214	51
214	70
214	79
214	105
214	119
214	160
214	221
214	224
214	225
214	263
214	279
214	311
214	316
214	321
214	324
214	325
214	329
214	332
214	344
214	361
214	362
214	397
215	29
215	70
215	79
215	105
215	128
215	147
215	157
215	160
215	166
215	191
215	224
215	225
215	228
215	302
215	311
215	321
215	324
215	329
215	332
215	343
215	344
215	361
215	362
215	370
216	126
216	168
216	184
216	260
216	265
216	269
216	274
216	291
216	294
216	304
216	306
216	308
216	312
216	315
216	319
216	323
216	342
216	348
216	350
216	352
216	353
216	358
216	368
216	395
217	64
217	65
217	89
217	125
217	126
217	134
217	163
217	245
217	260
217	265
217	274
217	286
217	291
217	304
217	305
217	319
217	326
217	338
217	342
217	350
217	364
217	368
217	371
217	395
218	2
218	36
218	45
218	83
218	152
218	172
218	173
218	191
218	197
218	205
218	257
218	295
218	305
218	328
218	336
218	351
218	354
218	365
218	367
218	375
218	386
218	392
218	397
218	400
219	5
219	59
219	63
219	72
219	85
219	116
219	132
219	143
219	146
219	152
219	154
219	155
219	177
219	178
219	203
219	214
219	229
219	231
219	249
219	285
219	316
219	345
219	373
219	374
220	66
220	68
220	71
220	84
220	114
220	117
220	133
220	177
220	184
220	193
220	202
220	204
220	219
220	230
220	242
220	275
220	279
220	290
220	292
220	301
220	337
220	338
220	359
220	392
221	105
221	119
221	121
221	143
221	147
221	160
221	207
221	214
221	224
221	225
221	263
221	285
221	313
221	319
221	321
221	324
221	329
221	332
221	344
221	347
221	350
221	361
221	362
221	400
222	19
222	35
222	53
222	103
222	112
222	120
222	148
222	207
222	248
222	251
222	253
222	267
222	275
222	276
222	288
222	301
222	307
222	310
222	311
222	353
222	367
222	372
222	386
222	388
223	6
223	26
223	27
223	42
223	56
223	123
223	127
223	201
223	226
223	248
223	273
223	283
223	290
223	300
223	306
223	341
223	357
223	366
223	367
223	370
223	376
223	379
223	385
223	389
224	6
224	29
224	39
224	44
224	100
224	105
224	119
224	160
224	165
224	166
224	214
224	215
224	221
224	225
224	256
224	285
224	304
224	321
224	329
224	332
224	361
224	362
224	378
224	398
225	60
225	79
225	83
225	88
225	98
225	119
225	147
225	154
225	160
225	166
225	221
225	224
225	244
225	263
225	285
225	321
225	324
225	329
225	332
225	341
225	344
225	361
225	362
225	390
226	16
226	26
226	35
226	42
226	81
226	99
226	109
226	129
226	140
226	157
226	175
226	187
226	198
226	201
226	242
226	283
226	286
226	314
226	341
226	366
226	370
226	376
226	379
226	385
227	9
227	23
227	38
227	40
227	41
227	72
227	92
227	106
227	126
227	135
227	142
227	192
227	193
227	200
227	206
227	228
227	236
227	263
227	264
227	270
227	273
227	295
227	358
227	388
228	9
228	16
228	41
228	62
228	72
228	89
228	92
228	102
228	129
228	135
228	144
228	152
228	160
228	190
228	192
228	206
228	219
228	227
228	236
228	237
228	264
228	270
228	365
228	380
229	5
229	13
229	23
229	55
229	63
229	76
229	83
229	85
229	116
229	132
229	143
229	146
229	152
229	154
229	155
229	178
229	210
229	219
229	231
229	280
229	289
229	318
229	372
229	378
230	4
230	7
230	9
230	30
230	47
230	71
230	82
230	84
230	130
230	184
230	193
230	202
230	217
230	220
230	222
230	262
230	275
230	282
230	289
230	292
230	301
230	303
230	377
230	391
231	13
231	24
231	55
231	59
231	63
231	64
231	76
231	85
231	103
231	111
231	132
231	143
231	146
231	152
231	155
231	178
231	196
231	216
231	219
231	229
231	304
231	338
231	370
231	394
232	87
232	151
232	191
232	197
232	205
232	213
232	225
232	241
232	297
232	314
232	328
232	334
232	336
232	351
232	354
232	365
232	366
232	367
232	372
232	374
232	386
232	392
232	397
232	400
233	60
233	66
233	75
233	91
233	123
233	168
233	190
233	194
233	252
233	265
233	286
233	287
233	294
233	299
233	319
233	323
233	326
233	350
233	353
233	358
233	368
233	393
233	395
233	399
234	18
234	26
234	54
234	66
234	77
234	95
234	104
234	111
234	127
234	136
234	154
234	189
234	199
234	240
234	258
234	285
234	294
234	308
234	309
234	310
234	312
234	313
234	332
234	385
235	7
235	12
235	44
235	73
235	99
235	104
235	107
235	121
235	128
235	152
235	153
235	162
235	163
235	185
235	186
235	212
235	237
235	243
235	246
235	250
235	285
235	304
235	333
235	334
236	9
236	41
236	72
236	98
236	102
236	106
236	129
236	130
236	135
236	142
236	176
236	179
236	190
236	192
236	206
236	216
236	227
236	248
236	264
236	270
236	335
236	344
236	370
236	383
237	7
237	31
237	53
237	107
237	128
237	131
237	138
237	145
237	149
237	185
237	186
237	205
237	207
237	208
237	212
237	235
237	243
237	246
237	250
237	267
237	270
237	272
237	288
237	307
238	24
238	28
238	61
238	89
238	93
238	95
238	117
238	161
238	164
238	167
238	180
238	192
238	198
238	200
238	203
238	211
238	255
238	259
238	261
238	268
238	270
238	379
238	399
239	17
239	28
239	57
239	61
239	72
239	89
239	93
239	117
239	120
239	154
239	161
239	165
239	167
239	203
239	211
239	222
239	238
239	255
239	261
239	268
239	332
239	380
239	385
239	388
240	65
240	66
240	67
240	80
240	86
240	95
240	108
240	127
240	136
240	146
240	179
240	199
240	206
240	234
240	254
240	264
240	280
240	292
240	296
240	310
240	313
240	328
240	351
240	388
241	20
241	33
241	87
241	125
241	176
241	200
241	209
241	224
241	284
241	303
241	317
241	318
241	322
241	335
241	340
241	347
241	356
241	364
241	377
241	380
241	387
241	388
241	393
241	399
242	30
242	32
242	47
242	59
242	68
242	71
242	82
242	84
242	111
242	144
242	147
242	181
242	184
242	202
242	220
242	225
242	260
242	262
242	275
242	282
242	289
242	292
242	301
242	331
243	10
243	31
243	104
243	107
243	116
243	128
243	131
243	144
243	185
243	186
243	208
243	212
243	221
243	223
243	226
243	237
243	246
243	277
243	282
243	297
243	300
243	305
243	346
243	375
244	62
244	74
244	134
244	200
244	247
244	258
244	284
244	297
244	303
244	318
244	322
244	325
244	340
244	347
244	350
244	355
244	377
244	380
244	383
244	387
244	388
244	393
244	394
244	399
245	20
245	37
245	46
245	63
245	73
245	91
245	96
245	103
245	120
245	148
245	198
245	202
245	207
245	215
245	222
245	232
245	253
245	267
245	288
245	307
245	311
245	317
245	337
245	381
246	12
246	16
246	31
246	73
246	107
246	114
246	138
246	149
246	172
246	185
246	186
246	202
246	208
246	235
246	237
246	243
246	263
246	270
246	287
246	331
246	372
246	379
246	390
246	393
247	49
247	141
247	144
247	210
247	243
247	256
247	272
247	276
247	279
247	309
247	327
247	330
247	333
247	337
247	339
247	345
247	346
247	349
247	372
247	375
247	380
247	381
247	384
247	398
248	35
248	46
248	62
248	91
248	103
248	120
248	122
248	148
248	204
248	222
248	245
248	251
248	253
248	260
248	267
248	288
248	307
248	308
248	311
248	313
248	317
248	383
248	390
248	396
249	36
249	42
249	57
249	123
249	140
249	157
249	201
249	220
249	223
249	226
249	269
249	273
249	278
249	281
249	290
249	300
249	310
249	357
249	361
249	366
249	370
249	375
249	376
249	385
250	2
250	5
250	7
250	31
250	51
250	73
250	74
250	128
250	131
250	138
250	169
250	185
250	186
250	188
250	212
250	235
250	237
250	243
250	246
250	252
250	309
250	313
250	343
250	377
251	43
251	53
251	91
251	112
251	129
251	158
251	162
251	164
251	204
251	207
251	222
251	245
251	248
251	253
251	263
251	279
251	288
251	306
251	307
251	311
251	371
251	374
251	386
251	394
252	126
252	134
252	168
252	205
252	212
252	216
252	233
252	265
252	266
252	286
252	287
252	291
252	294
252	304
252	308
252	316
252	317
252	323
252	326
252	342
252	352
252	358
252	368
252	371
253	35
253	36
253	37
253	46
253	91
253	107
253	122
253	148
253	182
253	207
253	214
253	222
253	226
253	230
253	245
253	248
253	251
253	277
253	288
253	307
253	311
253	318
253	363
253	395
254	18
254	34
254	65
254	66
254	67
254	81
254	86
254	93
254	127
254	173
254	179
254	189
254	195
254	220
254	234
254	240
254	253
254	271
254	296
254	310
254	313
254	337
254	365
254	378
255	25
255	28
255	39
255	43
255	47
255	89
255	161
255	165
255	192
255	198
255	203
255	211
255	238
255	239
255	256
255	261
255	268
255	335
255	349
255	361
255	381
255	386
255	392
255	395
256	32
256	35
256	57
256	63
256	69
256	78
256	144
256	218
256	233
256	271
256	279
256	309
256	327
256	330
256	333
256	345
256	346
256	349
256	372
256	375
256	381
256	384
256	391
256	398
257	69
257	90
257	99
257	139
257	169
257	174
257	188
257	258
257	305
257	311
257	315
257	331
257	338
257	339
257	359
257	360
257	363
257	369
257	373
257	378
257	382
257	389
257	390
257	391
258	40
258	52
258	62
258	170
258	171
258	195
258	209
258	241
258	277
258	317
258	318
258	322
258	325
258	334
258	337
258	340
258	355
258	380
258	383
258	387
258	388
258	393
258	394
258	399
259	1
259	19
259	33
259	84
259	139
259	169
259	182
259	226
259	257
259	279
259	305
259	331
259	338
259	339
259	343
259	352
259	354
259	359
259	360
259	363
259	369
259	373
259	390
259	391
260	9
260	54
260	58
260	125
260	134
260	169
260	203
260	233
260	274
260	291
260	299
260	304
260	308
260	312
260	316
260	323
260	326
260	341
260	342
260	350
260	353
260	358
260	371
260	395
261	3
261	24
261	28
261	43
261	47
261	89
261	93
261	117
261	153
261	161
261	165
261	167
261	168
261	198
261	203
261	211
261	238
261	239
261	255
261	268
261	303
261	343
261	354
261	360
262	34
262	68
262	71
262	82
262	84
262	130
262	177
262	184
262	188
262	193
262	202
262	211
262	220
262	230
262	242
262	266
262	275
262	280
262	282
262	283
262	289
262	292
262	301
262	326
263	6
263	24
263	29
263	39
263	66
263	69
263	70
263	121
263	141
263	160
263	166
263	214
263	215
263	224
263	225
263	271
263	321
263	327
263	329
263	332
263	344
263	361
263	362
263	367
264	1
264	23
264	80
264	90
264	91
264	92
264	98
264	102
264	106
264	131
264	135
264	142
264	190
264	192
264	206
264	227
264	228
264	236
264	259
264	270
264	300
264	349
264	376
264	391
265	46
265	54
265	134
265	145
265	216
265	233
265	247
265	250
265	252
265	266
265	294
265	299
265	304
265	312
265	319
265	326
265	342
265	348
265	353
265	358
265	368
265	371
265	391
265	395
266	3
266	48
266	50
266	64
266	106
266	126
266	134
266	146
266	222
266	260
266	286
266	287
266	291
266	294
266	312
266	319
266	323
266	342
266	350
266	353
266	358
266	368
266	392
266	395
267	35
267	37
267	46
267	53
267	91
267	96
267	112
267	133
267	145
267	148
267	195
267	198
267	204
267	207
267	245
267	248
267	251
267	288
267	307
267	311
267	348
267	359
267	380
267	397
268	24
268	28
268	43
268	61
268	89
268	93
268	126
268	140
268	153
268	161
268	165
268	167
268	198
268	203
268	211
268	225
268	231
268	238
268	239
268	255
268	261
268	281
268	292
268	343
269	14
269	42
269	56
269	60
269	61
269	81
269	123
269	189
269	249
269	273
269	283
269	290
269	300
269	305
269	314
269	341
269	356
269	357
269	366
269	370
269	376
269	379
269	384
269	385
270	23
270	41
270	51
270	63
270	72
270	85
270	98
270	102
270	106
270	124
270	129
270	135
270	175
270	192
270	202
270	206
270	227
270	228
270	236
270	237
270	264
270	276
270	372
270	397
271	49
271	113
271	173
271	214
271	235
271	247
271	256
271	268
271	272
271	278
271	279
271	303
271	306
271	327
271	330
271	333
271	337
271	345
271	346
271	372
271	375
271	381
271	384
271	398
272	37
272	68
272	86
272	113
272	144
272	193
272	254
272	256
272	271
272	276
272	278
272	279
272	306
272	309
272	330
272	333
272	337
272	346
272	349
272	372
272	375
272	381
272	384
272	398
273	19
273	26
273	35
273	42
273	57
273	81
273	99
273	109
273	132
273	140
273	186
273	187
273	194
273	249
273	269
273	280
273	283
273	300
273	314
273	357
273	366
273	376
273	379
273	394
274	82
274	122
274	125
274	147
274	194
274	244
274	252
274	287
274	294
274	299
274	304
274	308
274	312
274	316
274	319
274	323
274	342
274	348
274	350
274	353
274	358
274	383
274	395
274	396
275	12
275	47
275	84
275	87
275	117
275	130
275	167
275	181
275	184
275	193
275	194
275	215
275	220
275	230
275	231
275	242
275	262
275	265
275	282
275	289
275	292
275	301
275	339
275	351
276	32
276	58
276	69
276	78
276	128
276	159
276	183
276	212
276	247
276	271
276	272
276	327
276	330
276	337
276	345
276	346
276	349
276	368
276	372
276	375
276	381
276	384
276	396
276	398
277	62
277	158
277	170
277	176
277	200
277	284
277	303
277	317
277	322
277	325
277	334
277	335
277	340
277	355
277	356
277	364
277	377
277	380
277	383
277	387
277	393
277	394
277	396
277	399
278	69
278	79
278	86
278	141
278	196
278	272
278	276
278	279
278	287
278	303
278	306
278	309
278	324
278	327
278	330
278	333
278	337
278	346
278	372
278	375
278	381
278	384
278	386
278	398
279	49
279	69
279	113
279	141
279	144
279	196
279	271
279	272
279	276
279	278
279	296
279	309
279	327
279	330
279	333
279	345
279	346
279	349
279	372
279	375
279	380
279	381
279	384
279	398
280	19
280	67
280	109
280	128
280	198
280	201
280	221
280	223
280	226
280	249
280	269
280	273
280	283
280	290
280	302
280	329
280	341
280	357
280	360
280	366
280	370
280	376
280	379
280	385
281	4
281	9
281	50
281	52
281	90
281	161
281	174
281	182
281	256
281	305
281	320
281	330
281	343
281	352
281	359
281	363
281	369
281	373
281	378
281	382
281	389
281	390
281	393
281	398
282	13
282	30
282	83
282	130
282	161
282	177
282	181
282	193
282	198
282	202
282	230
282	242
282	262
282	274
282	275
282	289
282	292
282	293
282	301
282	321
282	327
282	354
282	393
282	397
283	26
283	57
283	77
283	81
283	109
283	140
283	157
283	187
283	226
283	249
283	273
283	280
283	282
283	295
283	314
283	324
283	334
283	357
283	370
283	376
283	379
283	385
283	387
283	391
284	74
284	97
284	156
284	158
284	200
284	241
284	277
284	298
284	303
284	317
284	322
284	334
284	335
284	347
284	355
284	357
284	360
284	364
284	380
284	387
284	393
284	394
284	396
284	399
285	29
285	39
285	92
285	105
285	119
285	121
285	123
285	147
285	189
285	221
285	224
285	225
285	247
285	262
285	263
285	318
285	321
285	324
285	329
285	332
285	344
285	361
285	362
285	394
286	3
286	44
286	96
286	102
286	125
286	126
286	153
286	166
286	217
286	252
286	254
286	294
286	299
286	308
286	312
286	316
286	323
286	326
286	348
286	350
286	353
286	358
286	368
286	395
287	73
287	75
287	134
287	147
287	216
287	252
287	274
287	286
287	291
287	294
287	299
287	308
287	312
287	316
287	323
287	328
287	344
287	348
287	350
287	353
287	358
287	371
287	378
287	395
288	31
288	35
288	37
288	76
288	94
288	103
288	108
288	122
288	148
288	204
288	215
288	222
288	243
288	245
288	248
288	267
288	307
288	308
288	311
288	322
288	324
288	344
288	366
288	395
289	30
289	47
289	68
289	82
289	84
289	130
289	136
289	159
289	177
289	179
289	181
289	193
289	202
289	220
289	262
289	280
289	282
289	284
289	292
289	301
289	331
289	351
289	381
289	382
290	12
290	19
290	28
290	56
290	140
290	147
290	185
290	187
290	226
290	249
290	269
290	273
290	277
290	280
290	283
290	300
290	314
290	357
290	366
290	367
290	370
290	376
290	379
290	385
291	41
291	77
291	125
291	126
291	158
291	194
291	216
291	233
291	265
291	266
291	286
291	289
291	304
291	312
291	316
291	319
291	326
291	344
291	348
291	353
291	358
291	368
291	371
291	395
292	30
292	52
292	59
292	68
292	177
292	181
292	182
292	184
292	193
292	202
292	220
292	228
292	230
292	242
292	262
292	275
292	281
292	282
292	289
292	301
292	324
292	358
292	359
292	389
293	11
293	17
293	36
293	55
293	83
293	138
293	196
293	197
293	205
293	213
293	282
293	295
293	297
293	336
293	342
293	351
293	354
293	362
293	365
293	367
293	374
293	386
293	392
293	400
294	54
294	64
294	76
294	130
294	134
294	194
294	217
294	233
294	260
294	274
294	286
294	295
294	299
294	308
294	311
294	316
294	326
294	345
294	353
294	358
294	368
294	383
294	395
294	399
295	2
295	4
295	17
295	35
295	44
295	83
295	172
295	173
295	209
295	228
295	232
295	278
295	297
295	314
295	328
295	333
295	354
295	365
295	367
295	374
295	386
295	392
295	397
295	400
296	18
296	34
296	65
296	66
296	86
296	108
296	111
296	162
296	179
296	189
296	195
296	199
296	234
296	241
296	254
296	261
296	271
296	290
296	310
296	312
296	313
296	370
296	381
296	393
297	2
297	36
297	44
297	48
297	86
297	87
297	136
297	172
297	173
297	197
297	205
297	213
297	217
297	293
297	321
297	325
297	336
297	354
297	374
297	386
297	389
297	392
297	397
297	400
298	8
298	48
298	90
298	151
298	182
298	212
298	257
298	259
298	272
298	281
298	305
298	320
298	331
298	338
298	339
298	343
298	360
298	363
298	369
298	378
298	382
298	389
298	390
298	391
299	3
299	75
299	134
299	217
299	233
299	244
299	260
299	265
299	266
299	287
299	292
299	304
299	316
299	323
299	330
299	342
299	348
299	350
299	353
299	365
299	368
299	371
299	395
299	397
300	19
300	38
300	56
300	57
300	75
300	80
300	99
300	109
300	123
300	187
300	192
300	223
300	249
300	273
300	290
300	294
300	341
300	357
300	370
300	376
300	377
300	379
300	385
300	399
301	30
301	68
301	71
301	96
301	137
301	177
301	180
301	184
301	193
301	202
301	207
301	217
301	220
301	230
301	236
301	242
301	262
301	263
301	275
301	282
301	289
301	292
301	322
301	341
302	15
302	109
302	144
302	172
302	191
302	205
302	218
302	232
302	268
302	276
302	293
302	295
302	306
302	323
302	328
302	351
302	354
302	365
302	374
302	378
302	386
302	392
302	397
302	400
303	8
303	20
303	33
303	40
303	131
303	187
303	196
303	200
303	241
303	277
303	284
303	318
303	325
303	334
303	335
303	347
303	364
303	377
303	380
303	387
303	393
303	394
303	396
303	399
304	61
304	62
304	75
304	103
304	126
304	216
304	217
304	246
304	252
304	255
304	266
304	274
304	286
304	287
304	294
304	299
304	308
304	316
304	319
304	342
304	350
304	366
304	368
304	395
305	1
305	139
305	151
305	182
305	263
305	267
305	281
305	296
305	315
305	317
305	320
305	338
305	339
305	343
305	346
305	359
305	360
305	363
305	369
305	373
305	378
305	382
305	390
305	391
306	52
306	58
306	69
306	113
306	141
306	197
306	247
306	256
306	272
306	276
306	290
306	309
306	327
306	330
306	337
306	345
306	346
306	347
306	349
306	369
306	372
306	375
306	381
306	398
307	3
307	30
307	35
307	46
307	53
307	77
307	91
307	96
307	103
307	112
307	115
307	204
307	207
307	222
307	248
307	253
307	266
307	267
307	288
307	311
307	336
307	355
307	370
307	394
308	3
308	27
308	33
308	75
308	125
308	130
308	194
308	197
308	217
308	252
308	265
308	266
308	286
308	294
308	299
308	312
308	323
308	342
308	348
308	350
308	353
308	368
308	371
308	395
309	32
309	58
309	92
309	196
309	218
309	224
309	247
309	271
309	272
309	279
309	306
309	327
309	330
309	337
309	345
309	346
309	349
309	362
309	372
309	374
309	375
309	381
309	384
309	398
310	3
310	34
310	58
310	65
310	66
310	67
310	80
310	95
310	111
310	116
310	143
310	179
310	189
310	195
310	234
310	240
310	254
310	296
310	313
310	346
310	366
310	375
310	395
310	400
311	16
311	37
311	46
311	53
311	96
311	103
311	122
311	148
311	162
311	165
311	194
311	207
311	222
311	232
311	245
311	248
311	251
311	253
311	267
311	288
311	298
311	307
311	332
311	400
312	19
312	45
312	54
312	64
312	126
312	168
312	194
312	220
312	265
312	274
312	287
312	294
312	304
312	308
312	316
312	323
312	326
312	332
312	342
312	348
312	350
312	371
312	385
312	395
313	18
313	28
313	34
313	66
313	67
313	74
313	77
313	108
313	111
313	133
313	136
313	150
313	189
313	195
313	199
313	218
313	231
313	234
313	240
313	254
313	296
313	310
313	355
313	361
314	16
314	19
314	81
314	123
314	157
314	223
314	226
314	239
314	249
314	269
314	273
314	280
314	285
314	290
314	291
314	300
314	333
314	340
314	341
314	366
314	376
314	379
314	385
314	396
315	50
315	139
315	151
315	180
315	188
315	251
315	257
315	259
315	281
315	320
315	331
315	338
315	343
315	352
315	359
315	360
315	373
315	375
315	377
315	378
315	382
315	389
315	390
315	391
316	54
316	91
316	125
316	160
316	183
316	194
316	216
316	233
316	260
316	265
316	266
316	274
316	286
316	291
316	294
316	299
316	304
316	319
316	342
316	353
316	358
316	368
316	371
316	386
317	40
317	62
317	97
317	170
317	176
317	209
317	284
317	318
317	322
317	325
317	334
317	335
317	340
317	347
317	355
317	364
317	377
317	380
317	387
317	388
317	393
317	394
317	396
317	399
318	74
318	156
318	168
318	193
318	213
318	241
318	262
318	284
318	303
318	322
318	325
318	331
318	335
318	347
318	356
318	364
318	379
318	383
318	387
318	388
318	393
318	394
318	396
318	400
319	30
319	64
319	194
319	216
319	217
319	233
319	252
319	260
319	266
319	286
319	287
319	291
319	294
319	299
319	304
319	316
319	323
319	326
319	342
319	343
319	348
319	350
319	358
319	371
320	1
320	8
320	110
320	139
320	152
320	169
320	174
320	227
320	230
320	259
320	281
320	298
320	305
320	338
320	343
320	353
320	359
320	360
320	366
320	369
320	380
320	389
320	390
320	391
321	6
321	14
321	70
321	75
321	121
321	160
321	166
321	175
321	214
321	215
321	221
321	224
321	225
321	254
321	285
321	310
321	324
321	326
321	329
321	332
321	344
321	361
321	362
321	389
322	33
322	51
322	170
322	176
322	209
322	244
322	258
322	277
322	318
322	325
322	334
322	335
322	340
322	347
322	355
322	356
322	364
322	377
322	380
322	388
322	393
322	394
322	396
322	399
323	54
323	168
323	216
323	217
323	228
323	233
323	236
323	239
323	252
323	260
323	274
323	291
323	308
323	312
323	314
323	319
323	342
323	348
323	350
323	353
323	358
323	368
323	371
323	395
324	6
324	29
324	70
324	79
324	122
324	147
324	160
324	166
324	215
324	224
324	225
324	263
324	314
324	321
324	329
324	332
324	339
324	343
324	344
324	348
324	361
324	362
324	385
324	394
325	20
325	62
325	97
325	142
325	149
325	193
325	241
325	244
325	274
325	277
325	284
325	298
325	303
325	313
325	318
325	334
325	356
325	377
325	380
325	383
325	387
325	388
325	396
325	399
326	3
326	54
326	64
326	75
326	126
326	134
326	166
326	194
326	224
326	233
326	260
326	266
326	274
326	286
326	304
326	308
326	312
326	319
326	323
326	342
326	352
326	355
326	358
326	389
327	49
327	54
327	69
327	96
327	141
327	247
327	256
327	257
327	278
327	279
327	303
327	306
327	309
327	333
327	337
327	345
327	346
327	349
327	370
327	372
327	375
327	381
327	384
327	398
328	83
328	87
328	129
328	152
328	164
328	172
328	191
328	195
328	197
328	218
328	232
328	235
328	293
328	302
328	336
328	351
328	354
328	365
328	367
328	374
328	386
328	392
328	397
328	400
329	6
329	29
329	79
329	90
329	121
329	147
329	160
329	166
329	170
329	215
329	221
329	224
329	225
329	263
329	285
329	293
329	321
329	325
329	339
329	344
329	355
329	361
329	362
329	378
330	17
330	49
330	69
330	144
330	196
330	256
330	272
330	276
330	278
330	306
330	309
330	320
330	327
330	333
330	337
330	345
330	346
330	347
330	349
330	372
330	375
330	381
330	384
330	398
331	1
331	48
331	52
331	100
331	139
331	151
331	182
331	257
331	259
331	282
331	298
331	305
331	315
331	338
331	339
331	359
331	360
331	363
331	373
331	378
331	382
331	389
331	390
331	391
332	29
332	39
332	70
332	102
332	105
332	119
332	121
332	166
332	199
332	221
332	223
332	224
332	225
332	263
332	285
332	321
332	324
332	328
332	344
332	361
332	362
332	368
332	385
332	387
333	32
333	49
333	69
333	144
333	196
333	247
333	256
333	264
333	271
333	272
333	276
333	278
333	279
333	293
333	301
333	309
333	330
333	341
333	345
333	372
333	375
333	381
333	384
333	398
334	20
334	40
334	156
334	176
334	209
334	241
334	244
334	258
334	277
334	297
334	317
334	318
334	325
334	340
334	347
334	350
334	355
334	364
334	377
334	383
334	387
334	388
334	393
334	399
335	40
335	62
335	114
335	134
335	170
335	171
335	176
335	200
335	209
335	241
335	303
335	317
335	318
335	340
335	351
335	355
335	356
335	374
335	377
335	383
335	387
335	388
335	396
335	399
336	36
336	44
336	45
336	83
336	87
336	173
336	191
336	213
336	232
336	293
336	295
336	302
336	328
336	334
336	351
336	354
336	363
336	367
336	374
336	386
336	392
336	397
336	399
336	400
337	11
337	32
337	40
337	58
337	113
337	123
337	196
337	256
337	271
337	272
337	276
337	279
337	300
337	306
337	309
337	330
337	333
337	345
337	346
337	349
337	381
337	384
337	388
337	398
338	1
338	8
338	18
338	50
338	52
338	90
338	110
338	151
338	182
338	188
338	281
338	292
338	298
338	305
338	307
338	315
338	331
338	339
338	344
338	352
338	363
338	364
338	369
338	391
339	39
339	85
339	110
339	169
339	194
339	195
339	257
339	281
339	298
339	315
339	320
339	331
339	338
339	343
339	352
339	359
339	360
339	363
339	369
339	373
339	382
339	385
339	389
339	391
340	20
340	142
340	158
340	170
340	171
340	188
340	200
340	277
340	303
340	305
340	325
340	334
340	336
340	347
340	355
340	356
340	364
340	377
340	383
340	387
340	388
340	393
340	394
340	396
341	26
341	57
341	109
341	123
341	157
341	187
341	197
341	201
341	223
341	249
341	261
341	269
341	283
341	289
341	290
341	295
341	300
341	314
341	357
341	366
341	370
341	376
341	379
341	385
342	12
342	23
342	48
342	126
342	140
342	216
342	233
342	244
342	260
342	265
342	274
342	291
342	294
342	299
342	304
342	308
342	326
342	348
342	350
342	353
342	358
342	362
342	371
342	395
343	48
343	50
343	139
343	180
343	188
343	209
343	281
343	283
343	298
343	303
343	305
343	320
343	338
343	339
343	352
343	359
343	360
343	362
343	369
343	373
343	378
343	382
343	390
343	391
344	1
344	29
344	70
344	79
344	105
344	135
344	146
344	147
344	158
344	166
344	214
344	215
344	224
344	263
344	266
344	285
344	321
344	324
344	326
344	329
344	332
344	361
344	362
344	367
345	32
345	58
345	71
345	113
345	144
345	161
345	167
345	196
345	247
345	271
345	276
345	287
345	306
345	309
345	327
345	330
345	333
345	337
345	349
345	372
345	375
345	381
345	384
345	398
346	37
346	58
346	67
346	69
346	141
346	173
346	196
346	233
346	247
346	271
346	276
346	279
346	306
346	309
346	327
346	333
346	337
346	349
346	372
346	375
346	381
346	384
346	396
346	398
347	90
347	97
347	171
347	200
347	223
347	237
347	241
347	244
347	252
347	258
347	284
347	317
347	322
347	325
347	330
347	355
347	356
347	364
347	380
347	383
347	384
347	388
347	396
347	399
348	54
348	64
348	126
348	158
348	194
348	217
348	233
348	260
348	265
348	274
348	287
348	291
348	312
348	316
348	323
348	326
348	335
348	342
348	350
348	352
348	353
348	368
348	371
348	395
349	29
349	65
349	87
349	113
349	141
349	196
349	222
349	247
349	255
349	256
349	276
349	278
349	306
349	309
349	327
349	328
349	337
349	346
349	369
349	372
349	375
349	381
349	384
349	398
350	98
350	125
350	168
350	176
350	202
350	216
350	217
350	252
350	259
350	265
350	266
350	274
350	287
350	291
350	294
350	299
350	308
350	312
350	316
350	319
350	326
350	353
350	368
350	395
351	2
351	5
351	17
351	44
351	87
351	107
351	173
351	191
351	205
351	276
351	280
351	293
351	295
351	302
351	328
351	336
351	365
351	367
351	374
351	386
351	392
351	397
351	400
352	8
352	50
352	52
352	75
352	76
352	151
352	169
352	188
352	235
352	239
352	257
352	298
352	305
352	315
352	331
352	338
352	339
352	340
352	363
352	378
352	382
352	390
352	391
353	54
353	64
353	121
353	134
353	173
353	174
353	194
353	233
353	260
353	266
353	287
353	291
353	292
353	293
353	294
353	299
353	308
353	316
353	326
353	350
353	371
353	388
353	395
354	36
354	45
354	83
354	87
354	93
354	172
354	213
354	232
354	255
354	293
354	295
354	297
354	302
354	328
354	336
354	339
354	365
354	374
354	386
354	387
354	392
354	397
354	400
355	91
355	97
355	156
355	171
355	209
355	241
355	258
355	283
355	284
355	317
355	318
355	332
355	335
355	364
355	365
355	377
355	380
355	387
355	388
355	393
355	394
355	396
355	399
356	20
356	33
356	61
356	97
356	137
356	176
356	200
356	235
356	236
356	277
356	284
356	303
356	318
356	322
356	325
356	334
356	357
356	380
356	383
356	387
356	388
356	394
356	399
357	42
357	57
357	81
357	174
357	201
357	226
357	232
357	249
357	269
357	273
357	280
357	283
357	290
357	291
357	300
357	314
357	359
357	363
357	366
357	370
357	379
357	385
357	396
358	13
358	15
358	125
358	168
358	181
358	217
358	226
358	250
358	252
358	260
358	266
358	274
358	286
358	291
358	299
358	308
358	319
358	348
358	350
358	353
358	364
358	371
358	395
359	1
359	50
359	52
359	90
359	110
359	174
359	250
359	257
359	259
359	281
359	298
359	305
359	319
359	331
359	339
359	343
359	352
359	360
359	363
359	373
359	377
359	378
359	389
360	4
360	26
360	48
360	110
360	122
360	151
360	169
360	186
360	188
360	281
360	305
360	307
360	315
360	320
360	321
360	331
360	339
360	352
360	363
360	382
360	389
360	390
360	391
361	6
361	39
361	68
361	69
361	70
361	85
361	105
361	119
361	121
361	147
361	214
361	221
361	224
361	285
361	324
361	329
361	332
361	340
361	344
361	362
361	367
361	371
361	377
362	6
362	29
362	39
362	70
362	79
362	100
362	119
362	160
362	168
362	215
362	221
362	224
362	225
362	285
362	299
362	324
362	325
362	329
362	331
362	332
362	341
362	361
362	370
363	110
363	133
363	139
363	169
363	174
363	259
363	281
363	292
363	315
363	320
363	322
363	331
363	338
363	339
363	343
363	359
363	360
363	369
363	373
363	382
363	389
363	390
363	391
364	33
364	74
364	156
364	171
364	209
364	241
364	244
364	277
364	303
364	317
364	318
364	322
364	325
364	334
364	335
364	347
364	356
364	380
364	383
364	387
364	393
364	396
364	399
365	17
365	44
365	45
365	87
365	134
365	172
365	205
365	218
365	293
365	295
365	297
365	328
365	336
365	338
365	351
365	354
365	367
365	374
365	375
365	378
365	392
365	397
365	400
366	19
366	37
366	40
366	56
366	57
366	123
366	157
366	201
366	223
366	249
366	269
366	280
366	283
366	290
366	300
366	314
366	341
366	352
366	355
366	357
366	370
366	385
366	397
367	19
367	44
367	45
367	87
367	127
367	173
367	180
367	213
367	218
367	283
367	297
367	302
367	324
367	328
367	336
367	351
367	354
367	365
367	374
367	386
367	392
367	397
367	400
368	3
368	54
368	84
368	95
368	168
368	194
368	216
368	252
368	260
368	266
368	274
368	286
368	287
368	299
368	304
368	308
368	319
368	323
368	342
368	348
368	351
368	358
368	395
369	45
369	151
369	169
369	171
369	184
369	188
369	208
369	259
369	265
369	281
369	305
369	315
369	319
369	320
369	338
369	343
369	352
369	373
369	378
369	382
369	389
369	390
369	391
370	26
370	32
370	57
370	81
370	99
370	123
370	153
370	187
370	212
370	223
370	230
370	280
370	283
370	290
370	300
370	341
370	355
370	357
370	366
370	372
370	376
370	379
370	385
371	41
371	54
371	64
371	75
371	109
371	125
371	126
371	139
371	149
371	244
371	248
371	266
371	286
371	287
371	291
371	312
371	316
371	319
371	342
371	348
371	350
371	368
371	390
372	32
372	69
372	113
372	141
372	144
372	187
372	247
372	278
372	279
372	303
372	306
372	309
372	327
372	330
372	333
372	337
372	345
372	346
372	349
372	375
372	381
372	384
372	398
373	1
373	20
373	52
373	90
373	174
373	182
373	188
373	221
373	257
373	259
373	281
373	305
373	320
373	339
373	343
373	352
373	359
373	360
373	363
373	369
373	378
373	382
373	389
374	44
374	45
374	79
374	83
374	126
374	191
374	197
374	202
374	218
374	232
374	297
374	302
374	328
374	336
374	354
374	362
374	367
374	377
374	386
374	392
374	397
374	398
374	400
375	32
375	49
375	141
375	196
375	227
375	256
375	269
375	271
375	272
375	276
375	277
375	278
375	279
375	327
375	330
375	333
375	337
375	345
375	349
375	366
375	372
375	384
375	398
376	5
376	19
376	26
376	50
376	99
376	123
376	140
376	157
376	169
376	187
376	226
376	241
376	249
376	261
376	280
376	283
376	314
376	335
376	341
376	357
376	366
376	379
376	385
377	33
377	74
377	118
377	171
377	176
377	200
377	209
377	217
377	284
377	303
377	325
377	327
377	335
377	347
377	355
377	356
377	364
377	383
377	387
377	388
377	394
377	396
377	397
378	1
378	50
378	90
378	110
378	139
378	151
378	169
378	174
378	182
378	259
378	281
378	298
378	315
378	320
378	331
378	339
378	343
378	352
378	359
378	369
378	382
378	389
378	390
379	56
379	99
379	107
379	123
379	143
379	187
379	226
379	249
379	269
379	273
379	280
379	290
379	296
379	300
379	306
379	314
379	341
379	348
379	366
379	375
379	376
379	385
379	394
380	33
380	62
380	97
380	156
380	163
380	171
380	176
380	244
380	258
380	277
380	303
380	317
380	318
380	322
380	340
380	347
380	355
380	364
380	377
380	383
380	393
380	394
380	396
381	58
381	113
381	144
381	196
381	247
381	256
381	271
381	276
381	278
381	279
381	298
381	306
381	309
381	327
381	330
381	333
381	337
381	345
381	346
381	349
381	375
381	384
381	398
382	48
382	50
382	169
382	174
382	182
382	240
382	257
382	281
382	284
382	298
382	315
382	320
382	331
382	343
382	352
382	359
382	360
382	363
382	369
382	374
382	378
382	390
382	391
383	60
383	74
383	139
383	156
383	158
383	170
383	241
383	258
383	277
383	284
383	286
383	291
383	303
383	325
383	334
383	335
383	347
383	356
383	376
383	387
383	393
383	394
383	399
384	32
384	69
384	134
384	137
384	144
384	247
384	256
384	271
384	272
384	276
384	278
384	279
384	306
384	309
384	333
384	345
384	349
384	372
384	375
384	381
384	382
384	398
384	400
385	19
385	26
385	42
385	81
385	99
385	140
385	157
385	179
385	201
385	223
385	226
385	249
385	283
385	290
385	341
385	357
385	366
385	370
385	379
385	386
385	388
385	389
385	390
386	2
386	17
386	172
386	197
386	213
386	218
386	232
386	254
386	297
386	302
386	304
386	325
386	328
386	336
386	354
386	358
386	365
386	367
386	368
386	374
386	392
386	397
386	400
387	33
387	40
387	62
387	97
387	156
387	158
387	170
387	239
387	244
387	258
387	260
387	322
387	325
387	335
387	340
387	347
387	355
387	364
387	377
387	380
387	388
387	393
387	394
388	20
388	33
388	62
388	74
388	132
388	136
388	170
388	175
388	254
388	284
388	317
388	318
388	334
388	340
388	347
388	356
388	357
388	371
388	377
388	380
388	393
388	394
388	395
389	21
389	48
389	50
389	118
389	151
389	188
389	193
389	257
389	259
389	281
389	298
389	315
389	320
389	339
389	343
389	352
389	360
389	363
389	364
389	366
389	369
389	378
389	382
390	1
390	52
390	104
390	151
390	174
390	182
390	188
390	218
390	222
390	257
390	315
390	320
390	338
390	343
390	352
390	360
390	369
390	371
390	373
390	375
390	378
390	389
390	391
391	8
391	43
391	52
391	100
391	110
391	151
391	169
391	182
391	221
391	257
391	298
391	315
391	330
391	339
391	352
391	356
391	359
391	369
391	373
391	378
391	389
391	390
391	393
392	18
392	38
392	45
392	197
392	205
392	211
392	213
392	240
392	255
392	277
392	295
392	297
392	302
392	328
392	336
392	351
392	354
392	365
392	367
392	374
392	386
392	397
392	400
393	20
393	74
393	156
393	158
393	171
393	209
393	227
393	244
393	277
393	284
393	303
393	317
393	334
393	355
393	356
393	364
393	372
393	383
393	387
393	388
393	394
393	396
393	399
394	6
394	20
394	53
394	62
394	74
394	97
394	156
394	158
394	170
394	205
394	209
394	241
394	258
394	303
394	325
394	334
394	337
394	340
394	355
394	377
394	380
394	388
394	393
395	64
395	75
395	125
395	215
395	217
395	235
395	245
395	252
395	266
395	267
395	286
395	297
395	299
395	304
395	316
395	319
395	326
395	341
395	348
395	350
395	353
395	358
395	371
396	40
396	158
396	171
396	209
396	244
396	252
396	258
396	277
396	303
396	317
396	322
396	334
396	335
396	340
396	342
396	343
396	347
396	364
396	377
396	383
396	387
396	388
396	399
397	2
397	17
397	87
397	156
397	173
397	191
397	205
397	218
397	232
397	257
397	263
397	281
397	293
397	295
397	297
397	328
397	351
397	354
397	365
397	367
397	374
397	386
397	400
398	1
398	12
398	58
398	113
398	141
398	144
398	195
398	196
398	247
398	256
398	262
398	271
398	272
398	306
398	330
398	333
398	342
398	345
398	346
398	347
398	349
398	372
398	384
399	40
399	97
399	117
399	158
399	176
399	209
399	241
399	244
399	258
399	277
399	297
399	317
399	322
399	325
399	335
399	336
399	340
399	356
399	380
399	383
399	388
399	392
399	393
400	36
400	45
400	83
400	172
400	173
400	174
400	191
400	205
400	213
400	282
400	295
400	323
400	336
400	351
400	352
400	354
400	365
400	367
400	374
400	380
400	386
400	392
400	397
