284
1 2
2 1
2 2
2 3
2 6
2 8
2 9
2 10
2 139
2 12
2 130
2 144
2 145
2 18
2 20
2 21
2 26
2 159
2 36
2 173
2 51
2 54
2 59
2 62
2 192
2 65
2 11
2 70
2 72
2 73
2 74
2 76
2 77
2 78
2 80
2 81
2 82
2 83
2 84
2 87
2 88
2 89
2 90
2 221
2 232
2 233
2 108
3 3
3 4
3 5
3 6
3 7
3 8
3 9
3 10
3 11
3 12
4 4
4 5
4 6
4 7
4 104
4 9
4 11
4 12
4 13
4 8
5 3
5 4
5 6
5 7
5 8
5 9
5 10
5 11
5 12
6 3
6 5
6 8
6 10
6 12
6 82
7 3
7 4
7 5
7 6
7 7
7 8
7 10
7 12
8 128
8 65
8 2
8 3
8 4
8 5
8 6
8 103
8 104
8 9
8 11
8 12
8 14
8 15
8 8
8 20
8 129
8 36
8 70
8 29
8 62
9 128
9 2
9 3
9 4
9 5
9 7
9 8
9 137
9 10
9 11
9 12
9 188
9 20
9 159
9 164
9 170
9 135
9 45
9 47
9 136
9 51
9 9
9 56
9 186
9 187
9 60
9 189
9 190
9 63
9 64
9 65
9 81
9 88
9 89
9 98
9 101
9 105
9 106
9 110
9 111
9 112
9 113
9 117
10 3
10 5
10 6
10 7
10 9
10 10
10 12
10 13
11 128
11 2
11 3
11 4
11 5
11 6
11 7
11 8
11 9
11 10
11 11
11 12
11 13
11 14
11 15
11 20
11 21
11 28
11 29
11 31
11 39
11 46
11 62
11 192
11 65
11 79
11 104
12 3
12 5
12 6
12 8
12 9
12 10
12 11
12 14
13 10
13 3
13 12
13 5
13 14
14 128
14 6
14 139
14 12
14 13
14 29
15 15
15 16
15 17
15 18
15 19
15 20
15 21
15 22
15 23
15 24
15 25
15 26
15 27
15 28
15 29
15 30
15 31
15 32
15 33
15 34
15 35
15 36
15 37
15 38
15 39
15 40
15 41
15 42
15 43
15 44
16 39
16 15
16 17
16 51
16 52
16 53
16 23
16 24
16 30
17 32
17 44
17 76
17 15
17 16
17 17
17 21
17 23
17 24
17 30
17 53
18 2
18 15
18 18
18 19
18 20
18 21
18 23
18 25
18 26
18 28
18 36
18 51
18 54
18 62
18 65
18 66
18 70
18 72
18 74
18 76
18 77
18 78
18 79
18 80
18 81
18 82
18 83
18 84
18 85
18 86
18 87
18 88
18 89
18 90
18 91
18 92
18 93
19 97
19 98
19 36
19 78
19 15
19 18
19 19
19 21
19 22
19 88
19 79
19 28
19 62
20 1
20 2
20 8
20 9
20 15
20 18
20 20
20 21
20 26
20 28
20 36
20 51
20 54
20 55
20 59
20 62
20 65
20 66
20 69
20 70
20 72
20 73
20 74
20 77
20 78
20 81
20 83
20 87
20 89
20 107
20 108
20 109
21 39
21 72
21 87
21 15
21 120
21 18
21 19
21 20
21 21
21 89
21 23
21 88
21 25
21 28
21 125
22 150
22 156
22 138
22 139
22 140
22 141
22 142
22 143
22 144
22 145
22 146
22 19
22 148
22 149
22 22
22 151
22 152
22 153
22 26
22 155
22 28
22 154
22 34
22 36
22 40
22 41
22 51
22 54
22 62
22 65
22 66
22 69
22 74
22 76
22 77
22 78
22 79
22 80
22 81
22 82
22 86
22 88
22 92
22 107
22 147
23 141
23 15
23 16
23 17
23 18
23 21
23 23
23 24
23 25
23 154
23 156
23 30
23 34
23 35
23 36
23 37
23 39
23 40
23 44
23 179
23 180
23 181
23 182
23 183
23 184
23 185
23 53
23 152
23 92
24 39
24 15
24 16
24 17
24 52
24 53
24 23
24 120
24 30
24 191
25 32
25 115
25 37
25 87
25 18
25 19
25 20
25 21
25 89
25 23
25 25
25 122
25 187
25 28
25 117
26 1
26 14
26 22
26 26
26 27
26 28
26 29
26 33
26 34
26 36
26 40
26 48
26 49
26 51
26 54
26 55
26 56
26 57
26 58
26 59
26 60
26 61
26 62
26 63
26 64
26 65
26 66
26 67
26 68
26 69
26 71
26 72
26 73
26 74
26 75
26 76
26 77
26 78
26 79
26 80
26 81
26 82
26 83
26 84
26 86
26 87
26 88
26 89
26 90
26 91
26 97
26 99
26 100
26 101
26 103
26 105
26 106
26 107
26 108
26 110
26 111
26 112
26 113
26 114
26 115
26 117
26 121
26 122
26 124
26 128
26 130
26 134
26 138
26 139
26 141
26 143
26 157
26 159
26 160
26 161
26 163
26 166
26 169
26 170
26 171
26 172
26 173
26 174
26 175
26 176
26 180
26 188
26 190
26 192
26 193
26 194
26 195
26 196
26 197
26 198
26 199
26 200
26 201
26 202
26 203
26 204
26 205
26 206
26 207
26 208
26 209
26 210
26 211
26 212
26 213
26 214
27 174
27 15
28 15
28 16
28 17
28 18
28 19
28 20
28 21
28 23
28 24
28 25
28 26
28 30
28 31
28 32
28 36
28 37
28 38
28 39
28 62
28 65
28 72
28 76
28 77
28 78
28 79
28 86
28 87
28 221
29 128
29 3
29 5
29 6
29 8
29 10
29 139
29 12
29 14
29 22
29 26
29 29
29 34
29 62
29 66
29 11
29 68
29 69
29 74
29 81
29 82
29 92
29 127
30 15
30 16
30 17
30 18
30 23
30 24
30 30
30 32
30 39
30 43
30 52
30 53
30 59
30 191
30 72
30 81
30 90
30 222
30 223
30 224
30 225
30 226
30 227
30 228
30 229
30 230
30 209
30 231
30 117
30 120
31 32
31 237
31 59
31 38
31 103
31 104
31 235
31 236
31 45
31 46
31 47
31 177
31 35
31 52
31 21
31 23
31 15
31 28
31 53
31 31
32 32
32 66
32 178
32 37
32 38
32 39
32 44
32 235
32 172
32 45
32 46
32 47
32 16
32 50
32 52
32 53
32 24
32 25
32 59
32 61
32 31
33 67
33 238
33 239
33 240
33 241
33 26
33 158
34 142
34 144
34 145
34 22
34 151
34 152
34 26
34 154
34 159
34 34
34 36
34 40
34 172
34 51
34 59
34 66
34 69
34 198
34 78
34 80
34 81
34 86
34 88
34 107
34 108
34 242
35 256
35 97
35 34
35 35
35 101
35 198
35 257
35 40
35 186
35 219
35 222
35 255
36 130
36 15
36 18
36 19
36 20
36 21
36 22
36 23
36 25
36 26
36 28
36 159
36 34
36 36
36 40
36 172
36 51
36 59
36 62
36 65
36 66
36 67
36 68
36 69
36 72
36 77
36 78
36 80
36 81
36 82
36 83
36 214
36 87
36 88
36 89
36 97
36 103
36 107
36 108
36 127
37 32
37 38
37 174
37 15
37 48
37 53
37 23
37 30
38 32
38 130
38 197
38 71
38 201
38 44
38 98
38 46
38 15
38 18
38 52
38 53
38 59
38 60
38 37
38 69
38 31
39 15
39 16
39 17
39 21
39 23
39 24
39 120
39 28
39 30
40 258
40 138
40 140
40 142
40 143
40 145
40 22
40 26
40 27
40 34
40 35
40 36
40 40
40 171
40 172
40 51
40 52
40 186
40 66
40 69
40 198
40 78
40 207
40 80
40 81
40 82
40 86
40 101
40 103
40 255
42 67
43 30
44 38
44 235
44 172
44 15
44 53
44 23
44 30
45 32
45 31
45 46
45 47
46 71
46 47
46 51
46 52
46 54
46 56
46 57
46 59
46 31
47 69
47 31
48 49
48 50
49 160
49 97
49 66
49 195
49 49
49 264
49 176
49 178
49 175
49 48
49 177
49 50
49 237
49 235
49 216
49 157
51 1
51 2
51 9
51 15
51 18
51 20
51 26
51 29
51 46
51 47
51 54
51 55
51 56
51 57
51 58
51 59
51 60
51 61
51 62
51 63
51 64
51 65
51 66
51 67
51 68
51 69
51 70
51 71
51 72
51 73
51 74
51 75
52 32
52 130
52 38
52 102
52 40
52 47
52 120
52 51
52 53
52 54
52 24
52 59
52 30
52 31
53 32
53 161
53 66
53 69
53 38
53 40
53 44
53 172
53 15
53 16
53 51
53 52
53 53
53 24
53 59
53 30
53 31
54 1
54 9
54 26
54 36
54 40
54 44
54 46
54 51
54 52
54 55
54 56
54 57
54 58
54 59
54 60
54 61
54 63
54 64
54 71
54 75
54 99
54 100
54 101
54 102
54 103
55 36
56 64
56 51
56 54
56 55
56 57
56 60
57 64
57 57
57 54
58 51
58 54
58 58
58 59
58 60
58 157
58 158
58 63
59 2
59 36
59 38
59 102
59 77
59 46
59 51
59 52
59 53
59 54
59 58
59 31
60 160
60 64
60 71
60 9
60 75
60 80
60 51
60 52
60 54
60 55
60 56
60 57
60 58
60 60
60 61
60 63
61 51
61 60
62 1
62 2
62 8
62 139
62 130
62 14
62 18
62 19
62 20
62 22
62 26
62 28
62 29
62 36
62 173
62 51
62 54
62 58
62 62
62 192
62 65
62 66
62 70
62 72
62 74
62 76
62 77
62 78
62 79
62 82
62 87
63 9
63 162
63 35
63 47
63 51
63 54
63 55
63 56
63 57
63 186
63 60
63 61
63 63
63 64
63 71
63 201
63 75
63 163
63 216
63 217
63 58
63 99
63 100
63 102
63 106
64 9
64 158
64 162
64 92
64 47
64 51
64 54
64 201
64 56
64 57
64 186
64 60
64 61
64 63
64 64
64 75
64 71
64 73
64 55
64 213
64 218
64 219
64 220
64 58
64 98
64 99
65 129
65 2
65 139
65 15
65 20
65 22
65 151
65 26
65 28
65 29
65 36
65 173
65 51
65 58
65 62
65 192
65 65
65 70
65 72
65 76
65 77
65 78
65 79
65 143
65 221
65 107
66 130
66 259
66 138
66 258
66 88
66 26
66 27
66 157
66 176
66 163
66 49
66 40
66 171
66 172
66 178
66 174
66 175
66 48
66 177
66 50
66 51
66 54
66 60
66 195
66 69
66 77
66 80
66 81
66 216
66 255
67 160
67 33
67 34
67 261
67 262
67 263
67 40
67 205
67 207
67 26
67 220
68 265
68 266
68 139
68 15
68 216
68 22
68 26
68 34
68 36
68 194
68 68
68 72
68 74
68 76
68 77
68 78
68 81
68 82
68 86
68 88
68 143
68 98
68 102
68 103
69 160
69 161
69 66
69 163
69 97
69 197
69 38
69 193
69 108
69 103
69 172
69 141
69 270
69 47
69 212
69 53
69 89
69 36
69 26
70 1
70 2
70 8
70 130
70 145
70 18
70 20
70 21
70 26
70 28
70 51
70 52
70 54
70 55
70 74
70 62
70 65
70 70
70 72
70 73
70 202
70 203
70 76
70 77
70 78
70 79
70 81
70 210
70 211
70 84
70 87
70 95
70 100
70 232
70 110
70 115
70 252
70 254
72 1
72 2
72 115
72 18
72 20
72 21
72 120
72 26
72 28
72 36
72 51
72 116
72 74
72 62
72 65
72 68
72 70
72 72
72 73
72 202
72 203
72 78
72 81
72 210
72 211
72 84
72 85
72 86
72 87
72 94
72 95
72 96
72 100
72 274
72 243
72 244
72 245
72 246
72 247
72 248
72 249
72 250
72 251
72 252
72 253
72 254
73 244
73 253
74 227
74 72
74 201
74 78
74 208
74 18
74 26
74 190
75 75
75 206
75 51
75 213
75 54
75 55
75 56
75 283
75 222
75 63
76 68
76 103
76 8
76 76
76 77
76 78
76 79
76 72
76 53
76 22
76 26
76 143
76 221
76 62
77 128
77 2
77 138
77 139
77 130
77 20
77 22
77 151
77 26
77 28
77 29
77 33
77 36
77 171
77 172
77 173
77 51
77 59
77 62
77 65
77 66
77 67
77 69
77 72
77 76
77 77
77 78
77 79
77 81
77 82
77 87
77 103
77 108
77 127
78 129
78 34
78 36
78 150
78 40
78 76
78 77
78 142
78 143
78 82
78 179
78 22
78 26
79 11
79 234
79 139
79 173
79 18
79 19
79 151
79 28
79 62
80 34
80 69
80 166
80 199
80 40
80 169
80 106
80 130
80 81
80 114
80 51
80 22
80 88
80 26
80 159
81 214
81 134
81 135
81 9
81 14
81 143
81 145
81 20
81 21
81 151
81 26
81 28
81 159
81 34
81 36
81 166
81 167
81 170
81 72
81 187
81 65
81 194
81 68
81 69
81 70
81 199
81 200
81 73
81 74
81 203
81 204
81 77
81 80
81 81
81 82
81 83
81 84
81 86
81 87
81 88
81 89
81 90
81 105
81 106
81 107
81 110
81 111
81 113
81 114
81 115
81 117
81 121
81 122
82 128
82 150
82 6
82 139
82 143
82 22
82 26
82 155
82 29
82 214
82 34
82 36
82 40
82 171
82 184
82 68
82 76
82 77
82 78
82 80
82 209
82 82
82 86
82 92
82 221
82 107
82 108
82 127
83 112
83 121
83 110
84 100
84 72
84 73
84 81
84 120
84 159
86 65
86 34
86 36
86 86
86 129
86 40
86 226
86 74
86 77
86 78
86 142
86 22
86 151
86 68
86 26
86 150
87 2
87 36
87 130
87 72
87 108
87 77
87 78
87 273
87 20
87 21
87 87
87 26
87 59
87 28
87 62
88 66
88 36
88 69
88 200
88 106
88 80
88 81
88 40
88 26
88 90
88 127
89 131
89 132
89 133
89 134
89 135
89 136
89 137
89 66
89 272
89 21
89 25
89 26
89 159
89 164
89 165
89 168
89 188
89 194
89 80
89 81
89 83
89 88
89 89
89 90
89 107
89 110
89 111
89 112
89 114
89 117
89 118
89 119
89 121
89 122
89 123
89 124
89 127
92 22
94 96
94 95
95 96
95 1
95 100
95 70
95 72
95 73
95 202
95 203
95 211
95 110
95 210
95 115
95 244
95 85
95 247
95 84
95 252
95 253
95 254
95 116
96 115
97 162
97 36
97 69
98 162
98 235
98 196
98 102
98 264
98 201
98 171
98 172
98 216
98 186
98 222
101 66
101 36
101 69
101 198
101 40
101 9
101 170
101 207
101 80
101 51
101 54
101 68
101 26
101 27
101 186
101 255
102 162
102 99
102 98
102 46
102 54
102 216
102 217
102 186
102 255
103 129
103 130
103 68
103 103
103 8
103 237
103 40
103 36
103 26
103 62
103 31
105 106
106 263
106 200
106 80
106 113
106 55
106 26
106 59
106 63
107 34
107 36
107 170
108 97
108 36
108 69
108 102
108 40
108 108
108 77
108 53
108 26
110 1
110 21
110 52
110 72
110 83
110 85
110 88
110 89
110 95
110 111
110 112
110 113
110 114
110 115
110 116
110 117
110 118
110 119
110 120
110 121
110 122
110 123
110 124
111 131
111 132
111 133
111 134
111 135
111 110
111 114
111 89
111 122
111 29
114 131
114 132
114 133
114 134
114 135
114 136
114 137
114 267
114 268
114 269
114 165
114 166
114 167
114 168
114 199
114 200
114 89
114 106
114 110
114 111
114 117
114 118
114 119
114 122
114 123
114 124
114 127
115 100
115 244
115 72
115 202
115 203
115 210
115 211
115 84
115 25
115 253
116 1
116 243
116 194
116 72
116 73
116 202
116 203
116 210
116 211
116 84
116 85
116 94
116 95
116 96
116 100
116 110
116 115
116 244
116 245
116 247
116 120
116 249
116 250
116 251
116 252
116 253
116 254
117 137
117 15
117 20
117 25
117 30
117 33
117 164
117 170
117 187
117 62
117 65
117 200
117 204
117 80
117 81
117 83
117 214
117 89
117 90
117 110
117 111
117 114
117 190
117 121
117 122
118 131
118 132
118 133
118 134
118 135
118 136
118 137
118 267
118 268
118 269
118 272
118 165
118 167
118 168
118 89
118 111
118 112
118 114
118 118
118 119
118 122
118 123
118 124
118 127
119 121
119 83
119 134
120 1
120 202
120 203
120 15
120 254
120 115
120 84
120 21
120 116
120 253
120 30
122 131
122 132
122 133
122 134
122 135
122 136
122 137
122 267
122 268
122 269
122 272
122 25
122 165
122 166
122 167
122 168
122 169
122 188
122 89
122 110
122 111
122 114
122 117
122 118
122 119
122 121
122 123
122 124
122 127
123 168
123 114
123 123
124 81
124 83
124 121
124 89
126 74
126 28
126 77
127 88
127 89
127 82
129 65
129 36
129 78
130 36
130 2
130 52
130 66
130 177
133 114
133 122
134 131
134 132
134 133
134 135
134 136
134 137
134 267
134 268
134 269
134 272
134 166
134 167
134 168
134 169
134 172
134 199
134 83
134 106
134 235
134 111
134 114
134 123
135 114
135 111
136 137
136 114
137 164
137 165
137 166
137 167
137 136
137 137
137 168
137 114
137 118
137 169
137 122
138 255
138 36
138 77
138 22
138 174
139 128
139 224
139 36
139 103
139 108
139 14
139 76
139 77
139 78
139 15
139 144
139 46
139 150
139 155
139 62
140 40
141 23
142 78
143 225
143 139
143 76
143 78
143 22
143 30
144 22
145 22
149 144
149 22
150 92
150 82
150 76
150 78
150 22
152 23
157 195
157 138
157 174
157 175
157 48
157 49
157 50
157 27
157 125
158 58
159 159
160 161
160 162
160 163
160 69
160 97
160 53
160 60
161 160
161 197
161 69
162 160
162 161
162 162
162 99
162 197
162 102
162 97
162 64
162 201
162 213
162 108
162 98
162 92
162 53
162 216
162 58
162 219
162 60
162 186
162 63
163 69
164 164
164 165
164 136
164 137
164 190
164 127
165 114
165 122
165 166
167 131
167 132
167 133
167 134
167 167
167 136
167 137
167 267
167 268
167 269
167 111
167 272
167 168
167 114
167 122
167 123
167 135
170 15
171 98
171 36
171 38
171 103
171 201
171 171
171 172
171 52
171 26
172 98
172 235
172 196
172 134
172 264
172 201
172 171
172 172
172 26
173 139
174 176
174 177
174 66
174 178
174 175
175 49
175 66
175 35
175 101
177 49
177 130
177 255
177 31
180 134
180 135
180 136
180 137
180 159
180 165
180 166
180 168
180 169
180 170
180 180
180 187
180 188
180 190
180 199
180 200
180 80
180 81
180 83
180 88
180 89
180 105
180 106
180 110
180 111
180 112
180 113
180 114
180 118
180 119
180 121
180 122
180 123
180 124
183 23
184 82
184 92
184 78
186 162
186 35
186 260
186 101
186 198
186 40
186 9
186 98
186 216
186 186
186 102
186 255
187 21
187 89
187 25
187 26
187 28
187 159
187 164
187 169
187 170
187 180
187 190
187 65
187 200
187 76
187 81
187 214
187 88
187 36
187 90
187 107
187 114
187 117
187 255
190 107
192 128
192 65
192 2
192 36
192 86
192 139
192 76
192 77
192 78
192 79
192 173
192 14
192 22
192 26
192 91
192 29
192 62
193 161
193 212
194 194
194 68
194 200
194 80
194 81
194 83
194 72
194 121
194 26
194 90
195 49
195 50
196 201
196 172
196 38
197 161
197 162
197 197
197 38
197 69
198 101
198 255
199 105
199 106
199 113
200 81
200 204
201 64
201 162
201 235
201 196
201 38
201 9
201 74
201 171
201 172
201 98
201 47
201 204
201 213
201 201
201 56
201 218
201 44
202 1
202 100
202 72
202 73
202 203
202 210
202 211
202 84
202 120
202 20
202 253
203 1
203 100
203 70
203 72
203 73
203 202
203 116
203 210
203 211
203 244
203 84
203 252
203 253
203 95
204 21
206 208
206 99
206 30
208 163
208 69
209 226
209 278
209 230
209 231
209 143
209 277
209 22
209 23
209 153
209 191
210 100
210 72
210 202
210 211
210 244
210 116
210 253
210 95
211 210
211 244
212 161
212 69
212 53
213 40
213 75
215 6
215 215
216 98
216 99
216 102
216 162
216 66
216 186
217 257
217 194
217 67
217 102
217 9
217 108
217 98
217 186
218 64
218 201
218 162
219 280
219 107
219 92
219 30
220 26
221 82
222 75
222 35
222 222
222 227
224 28
224 30
225 30
225 23
226 229
226 143
226 16
226 279
226 15
226 30
228 30
230 30
231 30
232 1
232 2
232 115
232 130
232 18
232 20
232 28
232 51
232 52
232 54
232 55
232 116
232 62
232 65
232 70
232 72
232 73
232 202
232 203
232 76
232 210
232 211
232 84
232 85
232 87
232 94
232 95
232 96
232 100
232 232
232 110
232 243
232 244
232 245
232 247
232 120
232 251
232 252
232 253
232 254
233 36
233 221
235 201
235 98
235 172
235 44
235 31
236 31
242 281
242 34
242 151
243 251
243 211
243 210
243 115
243 244
243 245
243 246
243 247
243 248
243 116
243 250
243 249
243 94
243 95
244 96
244 211
244 73
244 203
244 210
244 115
244 116
244 95
245 248
245 250
247 116
247 95
249 274
249 247
251 247
252 1
252 116
252 253
252 73
253 116
253 203
253 244
254 1
254 72
254 202
254 203
254 52
254 94
254 247
254 120
254 116
254 30
255 160
255 97
255 66
255 35
255 101
255 198
255 103
255 40
255 42
255 207
255 51
255 213
255 55
255 186
255 27
255 69
255 255
256 15
258 40
263 67
264 171
264 172
264 235
265 68
266 68
267 133
267 134
267 135
267 136
267 137
267 268
267 269
267 111
267 272
267 168
267 114
267 122
267 123
271 30
272 111
275 97
276 271
276 141
276 15
282 26
284 36
