264
1 2
2 129
2 2
2 134
2 138
2 14
2 146
2 19
2 24
2 155
2 34
2 38
2 44
2 174
2 177
2 53
2 55
2 60
2 63
2 64
2 67
2 79
2 82
2 92
2 95
2 96
2 98
2 112
2 115
2 117
2 118
2 125
3 4
3 5
3 6
3 7
3 8
3 9
3 10
3 11
3 12
3 13
3 14
3 15
3 16
4 7
4 8
4 12
4 13
4 15
4 16
4 17
4 18
4 19
4 20
5 4
5 8
5 11
5 15
5 16
5 18
5 20
5 21
6 4
6 5
6 6
6 7
6 8
6 9
6 10
6 12
6 13
6 15
6 16
6 17
6 18
7 3
7 4
7 5
7 6
7 8
7 9
7 10
7 12
7 109
7 13
7 16
7 17
7 18
7 20
7 15
8 3
8 4
8 5
8 6
8 7
8 8
8 9
8 10
8 12
8 109
8 13
8 16
8 17
8 18
8 20
8 87
8 15
9 3
9 4
9 6
9 7
9 8
9 9
9 13
9 16
9 18
9 20
10 5
10 6
10 7
10 8
10 10
10 109
10 13
10 16
10 20
10 15
11 129
11 3
11 164
11 165
11 8
11 11
11 20
12 3
12 4
12 7
12 8
12 73
12 10
12 39
12 12
12 109
12 78
12 13
12 16
12 17
12 18
12 19
12 20
12 15
12 190
13 3
13 4
13 5
13 6
13 7
13 8
13 9
13 10
13 12
13 109
13 13
13 16
13 17
13 18
13 20
14 2
14 12
14 14
14 17
14 19
14 23
14 24
14 25
14 26
14 29
14 34
14 38
14 39
14 41
14 43
14 44
14 48
14 49
14 53
14 55
14 59
14 60
14 61
14 62
14 63
14 64
14 66
14 67
14 69
14 72
14 75
14 76
14 77
14 78
14 79
14 81
14 82
14 83
14 84
14 85
14 87
14 89
14 90
14 95
14 96
14 98
14 100
14 102
14 106
14 107
14 111
14 112
14 115
14 117
14 118
14 121
14 125
14 129
14 134
14 137
14 138
14 142
14 143
14 146
14 147
14 150
14 153
14 156
14 162
14 163
14 174
14 176
14 179
14 180
14 183
14 184
14 188
14 190
14 195
14 201
14 212
14 213
14 215
14 219
14 220
14 221
14 225
14 226
14 234
14 240
14 241
14 242
14 243
15 33
15 34
15 3
15 4
15 5
15 6
15 7
15 8
15 10
15 12
15 109
15 15
15 16
15 17
15 18
15 19
15 54
15 81
16 3
16 4
16 5
16 7
16 8
16 10
16 109
16 13
16 80
16 17
16 20
16 15
17 3
17 4
17 5
17 7
17 8
17 12
17 13
17 14
17 15
17 16
17 17
17 18
17 19
17 60
18 4
18 5
18 6
18 7
18 8
18 9
18 12
18 13
18 78
18 15
18 16
18 17
18 18
18 19
19 2
19 4
19 81
19 12
19 82
19 78
19 15
19 16
19 17
19 18
19 148
19 14
19 60
20 4
20 5
20 7
20 8
20 10
20 11
20 12
20 109
20 13
20 16
20 20
20 191
21 32
21 33
21 34
21 35
21 36
21 37
21 38
21 39
21 21
21 27
21 28
21 29
21 30
21 31
22 24
22 25
22 26
22 23
23 2
23 18
23 22
23 23
23 24
23 25
23 26
23 30
23 34
23 38
23 54
23 60
23 67
23 78
23 79
23 80
23 87
23 106
23 115
23 116
23 117
23 118
23 119
23 120
23 121
23 122
23 123
24 64
24 2
24 118
24 49
24 138
24 44
24 111
24 112
24 113
24 179
24 117
24 22
24 23
24 24
24 25
24 26
24 159
24 95
25 2
25 67
25 80
25 53
25 23
25 125
26 142
26 135
27 32
27 33
27 35
27 36
27 45
27 50
27 51
27 52
27 21
27 28
27 30
27 31
28 32
28 35
28 36
28 70
28 71
28 72
28 73
28 74
28 75
28 76
28 45
28 77
28 49
28 51
28 21
28 27
28 28
28 30
28 31
29 2
29 38
29 39
29 34
29 78
29 81
29 21
29 54
29 87
29 24
29 29
30 33
30 2
30 22
30 38
30 135
30 136
30 34
30 21
30 54
30 28
30 118
30 30
30 117
31 32
31 149
31 98
31 35
31 36
31 49
31 72
31 169
31 170
31 62
31 130
31 168
31 51
31 21
31 67
31 27
31 28
31 30
31 117
32 130
32 35
32 36
32 49
32 51
32 21
32 27
32 28
32 31
33 33
33 35
33 36
33 45
33 174
33 15
33 122
33 156
33 30
34 2
34 10
34 15
34 21
34 27
34 28
34 29
34 30
34 31
34 32
34 33
34 34
34 35
34 36
34 38
34 45
34 176
34 54
34 186
34 60
34 67
34 78
34 81
34 106
34 115
35 32
35 83
35 187
35 70
35 72
35 188
35 74
35 130
35 117
35 75
35 51
35 21
35 73
35 154
35 27
35 28
35 189
35 30
35 31
36 32
36 36
36 37
36 70
36 71
36 40
36 41
36 42
36 44
36 45
36 77
36 50
36 51
36 181
36 28
37 56
37 66
37 38
37 62
37 95
38 1
38 2
38 51
38 129
38 138
38 140
38 130
38 14
38 141
38 17
38 146
38 147
38 21
38 23
38 24
38 155
38 156
38 29
38 30
38 160
38 34
38 35
38 37
38 38
38 167
38 41
38 42
38 44
38 45
38 175
38 177
38 50
38 179
38 53
38 182
38 55
38 56
38 60
38 63
38 64
38 66
38 67
38 49
38 71
38 73
38 78
38 79
38 80
38 82
38 83
38 88
38 92
38 95
38 96
38 98
38 158
38 101
38 106
38 39
38 111
38 112
38 113
38 115
38 117
38 118
38 122
39 2
39 11
39 12
39 14
39 19
39 34
39 37
39 38
39 39
39 43
39 48
39 50
39 51
39 53
39 55
39 56
39 57
39 59
39 60
39 62
39 63
39 64
39 65
39 78
39 81
39 82
39 85
39 87
39 88
39 89
39 91
39 94
39 95
39 98
39 100
39 102
39 106
39 107
39 110
39 111
39 112
39 113
39 114
39 115
39 118
39 122
39 124
39 125
39 126
39 127
39 129
39 131
39 132
39 135
39 136
39 137
39 138
39 140
39 142
39 143
39 144
39 145
39 146
39 149
39 159
39 160
39 162
39 164
39 166
39 167
39 170
39 171
39 172
39 173
39 174
39 175
39 176
39 177
39 178
39 179
39 181
39 182
39 183
39 184
39 190
39 202
39 212
39 221
39 222
39 225
39 226
39 227
39 228
39 229
39 230
39 231
39 232
39 233
39 234
39 235
39 236
39 237
39 238
40 36
40 40
40 41
40 42
40 43
40 44
40 45
41 40
41 41
41 42
41 43
41 44
41 45
41 48
41 51
41 57
41 23
41 55
42 36
42 40
42 41
42 43
42 44
42 45
42 51
42 57
43 1
43 99
43 40
43 48
43 55
43 56
43 57
43 90
44 2
44 20
44 23
44 24
44 155
44 156
44 157
44 38
44 41
44 42
44 44
44 45
44 51
44 53
44 55
44 56
44 58
44 59
44 70
44 71
44 80
44 93
44 104
44 113
44 115
45 34
45 35
45 36
45 38
45 70
45 71
45 41
45 42
45 44
45 45
45 77
45 51
45 66
45 27
46 48
46 49
46 14
46 47
47 160
47 223
47 71
47 201
47 46
47 47
47 48
47 178
47 211
47 214
47 217
47 155
47 156
47 222
47 63
48 1
48 89
48 155
48 160
48 162
48 41
48 42
48 43
48 44
48 46
48 47
48 48
48 53
48 182
48 55
48 184
48 57
48 58
48 59
48 61
48 63
48 67
48 69
48 70
48 201
48 56
48 211
48 213
48 214
48 217
48 92
48 93
48 97
48 100
48 105
48 108
49 32
49 2
49 51
49 21
49 38
50 36
50 37
50 38
50 50
50 51
50 156
51 32
51 98
51 35
51 36
51 38
51 70
51 40
51 108
51 95
51 44
51 45
51 51
51 27
51 28
51 106
51 62
51 31
52 146
52 125
52 206
52 39
53 64
53 65
53 2
53 67
53 68
53 69
53 66
53 25
53 54
53 55
53 56
53 57
53 58
53 59
53 60
53 61
53 62
53 63
54 2
54 38
54 34
54 78
54 79
54 80
54 81
54 82
54 83
54 21
54 54
54 23
54 15
54 29
54 30
55 1
55 2
55 37
55 38
55 43
55 44
55 48
55 53
55 55
55 56
55 57
55 58
55 59
55 61
55 63
55 64
55 66
55 67
55 69
55 70
55 88
55 89
55 90
55 91
55 92
55 93
55 94
55 95
55 96
55 97
55 98
55 99
55 100
55 101
55 102
55 103
55 104
55 105
55 106
55 107
55 108
56 2
56 68
56 37
56 106
56 55
56 25
56 53
56 87
56 89
56 69
57 57
57 43
57 89
57 55
58 37
58 43
58 61
58 88
58 51
58 55
58 56
58 58
58 59
58 90
58 94
58 69
59 70
59 43
59 44
59 55
59 57
59 58
59 61
60 2
60 34
60 82
60 179
60 38
60 39
60 14
60 178
60 78
60 175
60 177
60 146
60 115
60 148
60 53
61 162
61 42
61 48
61 185
61 89
61 55
61 88
61 57
61 58
61 59
61 92
61 93
61 94
62 98
62 37
62 70
62 202
62 179
62 212
62 190
62 62
63 160
63 51
63 2
63 182
63 71
63 66
63 211
63 214
63 55
63 155
63 95
64 2
64 38
64 106
64 177
64 181
64 182
64 183
64 217
64 91
64 94
65 60
66 48
66 2
66 66
66 37
66 38
66 240
66 12
66 45
66 77
66 112
66 18
66 95
67 1
67 2
67 139
67 130
67 141
67 67
67 23
67 25
67 248
67 34
67 37
67 38
67 54
67 245
67 195
67 203
67 204
67 205
67 206
67 207
67 208
67 209
67 210
67 213
67 249
67 92
67 96
67 80
67 105
67 115
67 244
67 117
67 246
67 119
67 120
67 121
67 125
67 247
68 56
69 213
69 37
69 48
69 53
69 55
69 56
69 58
69 90
69 181
70 130
70 139
70 140
70 141
70 25
70 28
70 35
70 36
70 41
70 42
70 44
70 45
70 48
70 51
70 53
70 55
70 59
70 70
70 71
70 89
70 98
70 106
70 124
71 2
71 70
71 38
71 44
71 48
71 211
71 214
71 218
71 223
71 156
71 63
73 34
73 35
73 38
73 106
73 115
73 21
73 23
73 24
73 31
74 35
75 35
77 45
78 2
78 14
78 146
78 19
78 23
78 29
78 30
78 34
78 38
78 39
78 175
78 176
78 53
78 54
78 60
78 78
78 79
78 80
78 81
78 82
78 83
78 87
78 18
78 115
78 117
79 2
79 67
79 102
79 38
79 14
79 34
79 78
79 79
79 80
79 146
79 115
79 117
79 54
79 23
79 60
80 1
80 2
80 5
80 7
80 8
80 13
80 15
80 16
80 22
80 23
80 25
80 38
80 44
80 176
80 53
80 54
80 60
80 192
80 193
80 67
80 70
80 78
80 79
80 80
80 106
80 115
80 121
81 176
81 34
81 194
81 14
81 15
81 16
81 17
81 19
81 54
81 60
81 29
82 34
82 82
82 38
82 39
82 72
82 2
82 14
82 146
82 115
82 87
82 60
82 125
83 146
83 60
84 52
84 75
84 84
84 85
84 86
85 35
87 2
87 82
87 179
87 38
87 39
87 8
87 83
87 117
87 78
87 146
87 19
87 21
87 87
87 60
87 29
87 31
88 160
88 161
88 162
88 163
88 37
88 65
88 93
88 51
88 55
88 88
88 57
88 58
88 95
88 61
88 94
88 63
89 70
89 43
89 44
89 55
89 57
89 61
90 1
90 25
90 162
90 167
90 43
90 44
90 53
90 55
90 184
90 57
90 58
90 59
90 61
90 62
90 63
90 65
90 69
90 70
90 56
90 89
90 92
90 94
90 95
91 94
92 96
92 1
92 119
93 2
93 171
93 216
93 147
93 155
93 37
93 43
93 44
93 173
93 55
93 56
93 57
93 61
93 195
93 69
93 199
93 88
93 97
93 99
93 101
93 103
93 104
93 108
93 112
93 113
93 127
94 64
94 162
94 163
94 183
94 177
94 180
94 181
94 55
94 89
94 91
94 61
95 64
95 2
95 37
95 220
95 98
95 55
95 63
95 156
95 95
96 130
96 67
96 117
96 55
96 56
96 250
96 92
98 2
98 140
98 146
98 149
98 156
98 160
98 37
98 38
98 167
98 175
98 179
98 182
98 55
98 184
98 62
98 63
98 64
98 70
98 202
98 211
98 95
98 98
98 101
98 106
99 56
99 44
99 69
100 69
100 43
100 89
100 56
100 57
100 58
100 59
100 61
101 93
104 147
104 155
104 37
104 101
105 207
106 2
106 70
106 38
106 44
106 115
106 23
106 24
108 97
108 99
108 101
108 103
108 104
108 43
108 55
108 56
108 57
108 93
108 69
109 7
109 8
109 10
109 13
109 16
109 20
110 112
110 113
110 114
110 93
110 111
111 2
111 166
111 137
111 157
111 114
111 118
111 125
112 129
112 66
112 37
112 156
112 138
112 143
112 117
112 24
112 159
112 60
112 93
112 95
114 24
114 145
114 117
114 167
115 2
115 67
115 38
115 106
115 82
115 24
115 60
116 129
116 135
116 136
116 44
116 138
116 11
116 142
116 143
116 145
116 23
116 24
116 158
116 159
116 164
116 165
116 166
116 171
116 172
116 173
116 174
116 93
116 110
116 112
116 113
116 114
116 122
116 123
116 124
116 126
116 127
117 129
117 2
117 135
117 138
117 149
117 23
117 24
117 26
117 30
117 159
117 33
117 165
117 38
117 170
117 171
117 158
117 67
117 79
117 82
117 95
117 96
117 98
117 102
117 111
117 112
117 113
117 118
117 122
117 124
117 125
117 127
118 2
118 131
118 134
118 117
118 118
118 23
118 124
118 125
118 126
118 127
119 96
119 1
119 130
119 67
119 105
119 205
119 206
119 213
119 120
119 25
120 96
120 1
120 130
120 67
120 105
120 139
120 205
120 206
120 207
120 209
120 210
120 213
120 119
120 25
120 92
121 54
121 23
122 129
122 131
122 135
122 138
122 11
122 142
122 143
122 145
122 24
122 158
122 159
122 33
122 35
122 164
122 38
122 43
122 174
122 30
122 61
122 69
122 163
122 106
122 110
122 111
122 114
122 117
122 123
122 124
122 125
124 128
124 1
124 130
124 67
124 132
124 133
124 134
124 129
124 131
124 117
124 118
124 24
124 121
124 122
124 125
124 126
124 127
125 2
125 67
125 37
125 38
125 39
125 138
125 174
125 112
125 113
125 180
125 117
125 118
125 184
125 25
125 122
125 125
125 30
126 131
126 124
126 118
127 133
127 118
127 143
128 124
128 126
129 135
129 138
129 11
129 142
129 143
129 145
129 38
129 39
129 45
129 174
129 67
129 207
129 110
129 112
129 113
129 117
129 118
129 120
129 122
129 124
129 125
129 255
130 96
130 120
130 67
130 92
130 119
131 128
131 131
131 132
131 133
131 142
131 143
131 118
131 124
131 126
131 127
132 132
132 142
133 144
133 133
133 173
133 142
133 143
133 112
133 118
133 122
133 124
133 127
134 128
134 132
134 124
134 134
134 126
135 129
135 113
135 135
135 137
135 138
135 11
135 172
135 110
135 145
135 122
135 159
136 30
137 113
137 138
137 14
137 110
137 111
138 129
138 137
138 138
138 110
138 113
138 117
138 122
138 158
138 159
139 210
139 213
140 202
140 98
140 182
140 70
140 167
141 96
141 1
141 130
141 67
141 105
141 139
141 205
141 206
141 207
141 208
141 210
141 25
141 213
141 119
141 120
141 121
141 250
141 92
142 144
142 129
142 132
142 133
142 143
143 128
143 129
143 132
143 133
143 134
143 135
143 136
143 137
143 138
143 11
143 142
143 144
143 145
143 26
143 159
143 164
143 172
143 173
143 174
143 239
143 113
143 122
143 123
143 124
143 127
144 145
144 132
144 143
145 135
145 11
145 142
145 143
145 144
145 145
145 123
146 34
146 82
146 98
146 38
146 73
146 83
146 2
146 78
146 152
146 146
146 147
146 148
146 14
146 150
146 87
146 151
146 153
146 154
146 60
146 102
146 149
147 198
147 97
147 2
147 195
147 196
147 101
147 38
147 129
147 104
147 197
147 108
147 157
147 99
147 200
147 146
147 67
147 55
147 83
147 93
147 199
147 95
148 2
148 14
148 15
148 16
148 17
148 146
148 19
148 148
148 23
148 34
148 38
148 39
148 44
148 179
148 53
148 60
148 66
148 78
148 79
148 81
148 82
148 83
148 87
148 18
148 115
148 117
149 146
149 35
149 98
149 62
151 146
151 60
152 146
152 60
152 87
153 81
153 242
153 38
153 153
154 146
154 35
154 189
155 2
155 140
155 147
155 155
155 160
155 37
155 44
155 48
155 51
155 182
155 56
155 63
155 66
155 200
155 201
155 202
155 211
155 214
155 216
155 93
155 97
155 98
155 101
155 103
155 104
155 108
155 112
155 113
156 33
156 2
156 38
156 50
156 115
156 218
156 219
156 156
156 95
158 33
158 2
158 38
158 138
158 143
158 117
159 166
159 137
159 138
159 171
159 173
159 111
159 112
159 113
159 114
159 117
160 155
160 167
161 65
162 89
162 155
162 156
162 218
162 160
162 162
162 163
162 37
162 46
162 47
162 48
162 182
162 183
162 184
162 61
162 63
162 201
162 211
162 214
162 215
162 88
162 217
162 90
162 219
162 220
162 94
162 95
163 88
164 144
164 129
164 122
164 143
165 11
167 202
167 179
167 140
167 62
170 257
170 260
170 261
170 262
170 263
170 264
170 146
170 149
170 152
171 24
171 117
172 143
172 132
172 135
173 172
173 165
173 143
174 160
174 33
174 129
174 136
174 142
174 143
174 144
174 122
175 19
175 2
175 82
175 98
175 38
175 81
175 39
175 12
175 34
175 78
175 175
175 176
175 17
175 146
175 115
175 14
175 60
176 19
176 34
176 82
176 38
176 2
176 78
176 175
176 80
176 81
176 146
176 115
176 14
176 60
177 64
177 2
177 38
177 70
177 167
177 66
177 14
177 177
177 180
177 181
177 182
177 183
177 91
177 60
177 94
177 63
178 2
178 60
178 14
179 160
179 64
179 2
179 166
179 38
179 167
179 201
179 202
179 140
179 98
179 111
179 177
179 114
179 21
179 184
179 155
179 60
179 63
180 64
180 91
180 94
180 183
181 180
181 94
181 183
182 64
182 2
182 38
182 140
182 98
182 177
182 178
182 182
182 24
182 155
182 60
182 63
183 64
183 177
183 180
183 181
183 91
183 94
184 162
184 167
184 202
184 140
184 98
184 48
184 49
184 179
184 215
184 184
184 62
187 34
187 35
187 38
187 72
187 60
187 14
187 83
187 252
187 253
187 254
188 35
190 202
190 221
191 20
194 146
194 150
194 38
195 147
195 155
195 205
195 119
196 195
200 35
201 155
201 37
201 182
202 160
202 98
202 167
202 201
202 140
202 179
202 190
202 87
202 184
202 155
202 221
202 62
203 204
203 205
204 203
204 204
204 205
204 209
204 244
204 245
204 246
204 119
204 120
204 249
204 248
204 247
205 105
205 203
205 204
205 205
205 206
205 207
205 209
205 210
205 244
205 245
205 246
205 119
205 120
205 249
205 247
205 248
205 213
206 67
206 105
206 139
206 205
206 207
206 208
206 209
206 210
206 119
206 120
206 25
207 67
207 105
207 205
207 206
207 208
207 209
207 210
207 120
208 105
208 210
208 206
208 207
209 139
209 203
209 204
209 205
209 206
209 207
209 208
209 244
209 119
209 120
210 105
210 67
210 92
210 207
211 156
211 182
211 71
213 139
213 119
214 47
214 63
215 184
216 97
216 103
216 104
216 108
216 93
216 55
216 57
216 155
216 61
218 48
218 162
218 163
218 156
218 218
220 161
220 162
220 163
220 95
221 202
224 224
240 38
243 83
243 60
244 206
245 209
248 244
250 96
250 145
251 146
256 14
257 152
257 146
258 258
258 131
258 133
258 166
258 138
258 112
258 118
259 146
