278
1 2
2 1
2 2
2 3
2 86
2 6
2 104
2 9
2 11
2 73
2 79
2 17
2 75
2 25
2 8
2 23
2 216
2 57
2 87
2 27
2 72
3 3
3 4
3 5
3 6
3 7
3 8
3 9
5 3
5 5
5 6
5 7
6 188
6 65
6 66
6 99
6 4
6 5
6 6
6 7
6 8
6 9
6 11
6 13
6 174
6 164
6 3
6 56
6 2
6 186
6 187
6 28
6 95
7 99
7 100
7 6
7 7
7 9
7 11
7 3
8 100
8 2
8 99
8 4
8 6
8 7
8 8
8 9
8 10
8 11
8 12
8 13
8 3
8 21
8 121
8 95
9 8
9 3
9 6
9 7
10 11
10 12
10 13
11 100
11 2
11 99
11 4
11 5
11 6
11 7
11 8
11 9
11 11
11 12
11 13
11 14
11 79
11 3
11 86
11 23
11 121
11 27
11 95
12 10
12 11
12 12
12 13
12 80
12 23
13 100
13 10
13 11
13 12
13 21
13 138
14 14
14 15
14 16
14 17
14 18
14 19
14 20
14 21
14 22
14 23
14 24
14 25
14 26
14 27
14 28
14 29
14 30
14 31
14 32
14 33
14 34
14 35
14 36
14 37
14 38
14 39
14 40
14 41
14 42
14 43
14 44
14 45
14 46
14 47
14 48
15 34
15 22
15 14
15 21
15 54
15 26
16 34
16 14
16 15
16 19
16 21
16 22
16 26
17 2
17 3
17 14
17 16
17 17
17 18
17 19
17 23
17 24
17 25
17 26
17 27
17 28
17 31
17 34
17 63
17 64
17 73
17 79
17 80
17 81
17 82
17 83
17 84
17 85
17 86
17 87
17 88
17 89
17 90
17 91
17 92
18 96
18 14
18 17
18 18
18 19
18 21
18 25
18 31
18 30
18 95
19 80
19 34
19 115
19 116
19 113
19 73
19 14
19 79
19 112
19 17
19 114
19 19
19 84
19 21
19 23
19 24
19 25
19 27
19 117
19 88
19 63
20 101
21 115
21 150
21 138
21 13
21 14
21 15
21 16
21 18
21 19
21 21
21 22
21 23
21 46
21 25
21 26
21 156
21 29
21 30
21 159
21 32
21 33
21 34
21 35
21 36
21 38
21 171
21 174
21 175
21 176
21 177
21 178
21 179
21 180
21 181
21 182
21 183
21 184
21 185
21 31
21 64
21 67
21 73
21 76
21 84
21 88
21 91
21 97
21 144
21 107
21 110
21 112
21 113
21 147
21 153
22 34
22 14
22 46
22 16
22 21
22 26
23 2
23 139
23 140
23 17
23 18
23 147
23 23
23 25
23 27
23 170
23 73
23 189
23 63
23 64
23 11
23 72
23 12
23 79
23 80
23 82
23 86
23 97
23 101
24 34
24 120
24 172
24 14
24 15
24 17
24 18
24 19
24 84
24 89
24 24
24 25
24 26
24 190
24 63
25 139
25 141
25 14
25 17
25 18
25 19
25 148
25 23
25 25
25 27
25 30
25 31
25 32
25 38
25 46
25 63
25 64
25 72
25 73
25 203
25 80
25 84
25 97
25 101
26 14
26 15
26 144
26 17
26 18
26 19
26 21
26 22
26 24
26 26
26 29
26 32
26 34
26 163
26 38
26 42
26 46
26 175
26 48
26 180
26 187
26 73
26 204
26 205
26 206
26 207
26 208
26 209
26 210
26 211
26 212
26 213
26 214
26 215
26 16
26 107
26 147
26 122
27 64
27 2
27 101
27 73
27 170
27 14
27 79
27 17
27 84
27 86
27 23
27 25
27 189
27 63
28 33
28 34
28 6
28 49
28 8
28 18
28 14
28 17
28 50
28 51
28 53
28 217
28 121
28 28
28 29
28 190
28 191
29 32
29 33
29 162
29 163
29 196
29 48
29 136
29 34
29 29
29 16
29 50
29 51
29 22
29 218
29 219
29 28
29 61
30 80
30 21
30 14
30 31
31 138
31 139
31 140
31 141
31 14
31 144
31 17
31 18
31 20
31 21
31 23
31 25
31 157
31 30
31 31
31 34
31 163
31 38
31 39
31 168
31 41
31 170
31 55
31 63
31 64
31 67
31 70
31 73
31 204
31 77
31 80
31 91
31 97
31 98
31 101
31 233
31 237
31 238
31 239
32 33
32 21
32 14
33 32
33 33
33 196
33 172
33 14
33 48
33 17
33 21
33 54
33 28
33 29
33 62
33 159
34 32
34 38
34 136
34 14
34 16
34 17
34 19
34 21
34 22
34 24
34 26
34 29
34 31
36 41
36 26
37 25
37 101
38 64
38 80
39 101
39 239
41 149
41 36
41 101
41 41
41 138
41 139
41 269
41 14
41 80
41 147
41 21
41 25
41 63
41 31
43 39
43 14
43 270
43 271
43 272
43 238
43 181
43 47
44 14
44 31
46 120
46 276
46 242
46 164
47 138
48 33
49 50
49 51
49 28
50 33
50 37
50 49
50 50
50 51
50 28
51 33
51 28
52 32
52 53
53 161
53 162
53 163
53 196
53 230
53 70
53 193
53 136
53 201
53 143
53 81
53 83
53 52
53 190
53 219
53 220
53 62
53 53
54 33
54 196
54 54
54 15
54 21
54 22
54 29
55 1
55 30
55 51
55 56
55 57
55 58
55 59
55 60
55 61
55 62
55 63
55 64
55 65
55 66
55 67
55 68
55 69
55 70
55 71
55 72
55 73
55 74
55 75
55 76
55 77
55 78
56 64
56 1
56 66
56 68
56 70
56 65
56 97
56 71
56 98
56 55
56 56
56 57
56 58
56 59
56 60
56 61
56 62
58 66
58 71
58 56
58 57
58 59
58 61
59 58
60 66
60 71
60 55
60 56
60 60
60 61
60 62
61 160
61 14
61 21
61 56
61 60
61 61
61 62
62 160
62 66
62 68
62 71
62 49
62 51
62 53
62 55
62 56
62 58
62 59
62 60
62 61
63 138
63 139
63 140
63 144
63 17
63 18
63 19
63 23
63 25
63 27
63 159
63 163
63 37
63 168
63 169
63 170
63 171
63 172
63 173
63 48
63 55
63 63
63 64
63 67
63 69
63 70
63 72
63 73
63 76
63 79
63 80
63 84
63 88
63 97
63 101
63 112
63 113
63 147
63 116
63 118
64 192
64 115
64 138
64 139
64 140
64 141
64 144
64 195
64 23
64 25
64 27
64 30
64 159
64 163
64 37
64 38
64 39
64 168
64 170
64 43
64 174
64 176
64 179
64 55
64 56
64 57
64 31
64 191
64 64
64 193
64 194
64 67
64 69
64 70
64 72
64 73
64 74
64 183
64 76
64 79
64 80
64 84
64 85
64 88
64 91
64 97
64 101
64 112
64 113
64 147
64 117
64 63
65 6
66 1
66 6
66 160
66 164
66 199
66 51
66 55
66 56
66 58
66 59
66 60
66 61
66 62
66 66
66 68
66 197
66 198
66 71
66 200
66 73
66 74
66 75
66 96
67 64
67 97
67 162
67 70
67 102
67 138
67 80
67 144
67 55
67 88
67 31
67 221
67 63
68 1
68 107
68 108
68 110
70 192
70 144
70 161
70 163
70 37
70 168
70 169
70 172
70 54
70 55
70 56
70 64
70 193
70 67
70 196
70 199
70 183
70 81
70 89
70 97
70 229
70 233
70 234
72 1
72 2
73 1
73 2
73 261
73 263
73 264
73 265
73 111
73 140
73 17
73 19
73 23
73 25
73 27
73 157
73 39
73 171
73 94
73 55
73 63
73 68
73 72
73 73
73 75
73 79
73 80
73 86
73 216
73 93
73 222
73 223
73 224
73 225
73 226
73 104
73 105
73 106
73 107
73 108
73 110
73 239
73 113
73 122
74 194
76 21
79 64
79 1
79 2
79 101
79 72
79 73
79 75
79 79
79 17
79 86
79 23
79 27
79 63
80 64
80 67
80 70
80 177
80 73
80 139
80 17
80 163
80 148
80 41
80 23
80 152
80 30
80 31
81 202
81 196
81 70
82 17
82 170
82 140
83 163
83 228
83 229
83 230
83 143
84 64
84 115
84 17
84 19
84 84
84 89
84 88
84 25
86 1
86 2
86 261
86 262
86 263
86 264
86 17
86 19
86 23
86 27
86 160
86 171
86 68
86 72
86 73
86 75
86 79
86 86
86 87
86 216
86 224
86 225
86 104
86 107
86 110
86 122
87 1
87 2
87 261
87 262
87 263
87 264
87 265
87 17
87 23
87 27
87 171
87 173
87 222
87 68
87 72
87 73
87 75
87 79
87 86
87 87
87 216
87 93
87 94
87 223
87 224
87 225
87 226
87 104
87 105
87 107
87 108
87 110
87 111
87 122
87 123
89 67
89 101
89 42
89 115
89 120
89 227
89 84
89 118
89 119
89 88
89 244
91 17
91 97
93 94
95 13
96 160
96 33
96 164
96 69
96 198
96 231
96 138
96 191
97 138
97 139
97 140
97 141
97 142
97 143
97 144
97 145
97 146
97 147
97 148
97 149
97 150
97 151
97 152
97 25
97 154
97 155
97 156
97 157
97 30
97 38
97 158
97 63
97 64
97 70
97 76
97 80
97 91
97 101
97 153
97 20
98 97
98 163
98 164
98 201
98 144
98 56
98 187
98 61
98 31
99 3
99 100
99 5
99 6
99 7
99 8
99 9
100 99
100 100
100 101
100 7
100 9
100 3
101 10
101 11
101 140
101 141
101 144
101 147
101 20
101 23
101 25
101 27
101 31
101 91
101 37
101 39
101 41
101 170
101 172
101 48
101 138
101 191
101 64
101 139
101 70
101 73
101 76
101 79
101 80
101 84
101 89
101 207
101 97
101 100
101 101
101 239
101 240
101 241
101 117
101 153
101 63
102 103
104 107
104 105
104 106
104 75
104 108
104 109
104 110
104 111
104 73
104 93
104 94
105 104
105 73
105 75
105 93
105 94
107 25
107 26
107 14
110 26
110 21
112 112
114 138
115 64
116 19
116 116
118 72
118 12
118 120
118 84
118 117
118 119
118 88
118 63
119 256
119 128
119 130
119 131
119 132
119 133
119 129
119 137
119 135
119 257
119 258
119 253
119 118
119 119
119 124
119 125
119 127
120 117
120 118
122 123
123 224
123 225
123 75
123 261
123 263
123 104
123 105
123 171
123 108
123 72
123 73
123 122
123 123
123 264
123 223
124 128
124 129
124 130
124 131
124 132
124 133
124 134
124 135
124 136
124 137
124 125
124 126
124 127
127 256
127 128
127 130
127 131
127 132
127 165
127 166
127 257
127 137
127 42
127 135
127 258
127 253
127 134
127 124
127 125
127 126
127 133
128 256
128 129
128 130
128 131
128 132
128 165
128 133
128 257
128 137
128 135
128 258
128 253
128 134
128 124
128 125
128 126
128 127
129 256
129 128
129 130
129 131
129 132
129 165
129 133
129 257
129 137
129 135
129 258
129 253
129 124
129 125
129 127
130 256
130 128
130 258
130 131
130 132
130 165
130 133
130 129
130 137
130 135
130 257
130 253
130 124
130 125
130 134
130 127
131 256
131 128
131 258
131 131
131 132
131 165
131 133
131 129
131 137
131 135
131 257
131 253
131 124
131 125
131 127
132 256
132 128
132 258
132 131
132 165
132 133
132 129
132 137
132 135
132 257
132 253
132 124
132 125
132 127
133 256
133 128
133 258
133 131
133 132
133 165
133 133
133 129
133 137
133 135
133 257
133 253
133 124
133 125
133 127
134 64
134 256
134 130
134 131
134 132
134 165
134 166
134 257
134 137
134 128
134 135
134 258
134 253
134 167
134 42
134 124
134 125
134 126
134 133
136 14
137 112
138 6
138 138
138 139
138 140
138 141
138 23
138 31
138 160
138 164
138 37
138 173
138 174
138 49
138 54
138 58
138 159
138 62
138 63
138 64
138 65
138 67
138 197
138 198
138 199
138 72
138 73
138 80
138 209
138 182
138 96
138 97
138 101
138 234
138 235
138 236
138 200
138 114
138 117
138 250
138 251
138 252
138 253
138 254
138 255
139 64
139 41
139 138
139 139
139 80
139 17
139 25
139 63
140 216
140 260
140 20
141 64
141 155
141 140
141 138
141 139
141 12
141 82
141 14
141 80
141 18
141 41
141 20
141 21
141 23
141 46
141 25
141 31
141 170
141 30
141 63
144 6
144 139
144 140
144 141
144 144
144 145
144 147
144 30
144 31
144 163
144 168
144 43
144 174
144 175
144 48
144 177
144 55
144 186
144 187
144 191
144 64
144 67
144 70
144 268
144 80
144 84
144 97
144 98
144 101
144 231
144 237
147 26
147 212
149 26
150 21
157 97
159 33
159 50
159 67
159 159
160 160
160 33
160 164
160 69
160 231
160 96
160 62
161 161
161 162
161 67
161 164
161 98
161 70
161 71
161 66
161 51
161 56
161 163
161 59
161 60
161 61
163 141
163 143
163 144
163 26
163 29
163 31
163 162
163 37
163 173
163 46
163 175
163 52
163 53
163 55
163 56
163 187
163 62
163 191
163 64
163 193
163 67
163 69
163 70
163 201
163 76
163 83
163 218
163 220
163 221
163 181
163 97
163 98
163 229
163 230
163 231
163 232
163 63
164 198
164 161
164 66
164 259
164 164
164 197
164 6
164 200
164 96
164 234
164 160
164 236
164 98
164 245
164 250
164 218
164 69
164 191
165 128
165 130
165 131
165 165
165 166
165 167
165 42
165 133
168 64
169 243
169 124
172 24
172 138
172 101
173 2
174 186
174 21
174 6
176 138
177 80
179 14
182 21
186 174
186 6
186 231
187 98
187 143
189 101
189 140
189 12
189 79
189 80
189 23
189 27
190 220
190 162
190 163
190 28
190 53
191 164
191 163
191 28
191 69
193 66
193 55
194 134
194 159
194 168
194 179
194 55
194 56
194 57
194 59
194 64
194 66
194 71
194 74
194 183
194 84
194 215
194 89
194 115
194 244
194 245
194 246
194 247
194 248
194 249
195 132
195 166
195 243
195 169
195 113
195 115
195 84
195 245
195 88
195 126
195 85
196 33
196 29
196 70
198 192
198 193
198 66
198 164
198 197
198 198
198 199
198 96
198 234
198 235
198 236
199 234
199 196
199 198
200 164
201 53
201 14
201 143
204 26
204 147
205 26
205 20
207 26
208 26
208 147
208 149
209 138
211 26
212 26
213 26
213 149
214 26
214 204
215 26
215 212
215 14
216 86
217 28
218 160
219 220
219 53
219 230
220 53
222 104
223 104
223 224
223 93
223 94
223 225
226 93
226 94
227 21
229 97
229 163
229 229
230 201
230 53
231 160
231 163
231 173
231 118
231 231
233 196
233 70
233 233
233 202
233 141
233 14
233 48
233 81
233 54
234 96
234 6
234 70
234 198
234 199
234 202
234 235
234 172
234 174
234 242
234 186
234 197
235 96
235 6
235 197
235 198
235 199
235 168
235 234
235 174
235 249
235 186
239 138
240 147
240 101
240 207
249 235
252 6
266 26
267 208
267 26
273 23
274 274
274 21
274 167
275 26
275 21
277 1
278 17
278 26
278 54
